#DeepConCNF_SS8: eight-class secondary structure prediction results 
#probabilities are in the order of H G I E B T S L(loops), the 8 secondary structure types used in DSSP 
   1 K L   0.000 0.000 0.000 0.002 0.000 0.000 0.002 0.996 
   2 E L   0.001 0.003 0.000 0.163 0.014 0.007 0.002 0.811 
   3 L E   0.003 0.003 0.000 0.589 0.068 0.007 0.042 0.289 
   4 V E   0.000 0.002 0.000 0.662 0.019 0.001 0.019 0.296 
   5 L E   0.001 0.002 0.000 0.654 0.043 0.003 0.020 0.277 
   6 A E   0.001 0.002 0.000 0.512 0.058 0.015 0.043 0.369 
   7 L S   0.000 0.002 0.000 0.256 0.005 0.032 0.625 0.081 
   8 Y S   0.001 0.001 0.000 0.268 0.051 0.012 0.584 0.083 
   9 D L   0.001 0.001 0.000 0.205 0.030 0.006 0.046 0.712 
  10 Y L   0.002 0.003 0.000 0.097 0.048 0.021 0.088 0.741 
  11 Q L   0.000 0.002 0.000 0.035 0.053 0.023 0.219 0.667 
  12 E L   0.000 0.004 0.000 0.008 0.036 0.078 0.280 0.593 
  13 K S   0.000 0.003 0.000 0.002 0.009 0.045 0.717 0.226 
  14 S S   0.000 0.001 0.000 0.003 0.016 0.007 0.908 0.065 
  15 P T   0.001 0.009 0.000 0.001 0.002 0.917 0.041 0.030 
  16 R T   0.001 0.012 0.000 0.004 0.003 0.898 0.062 0.020 
  17 E L   0.002 0.014 0.000 0.092 0.204 0.012 0.209 0.467 
  18 V L   0.001 0.002 0.000 0.088 0.057 0.004 0.051 0.797 
  19 T L   0.000 0.000 0.000 0.034 0.031 0.004 0.017 0.914 
  20 M L   0.000 0.000 0.000 0.012 0.041 0.000 0.007 0.940 
  21 K L   0.000 0.001 0.000 0.002 0.003 0.001 0.010 0.982 
  22 K T   0.001 0.004 0.000 0.001 0.001 0.979 0.013 0.002 
  23 G T   0.000 0.001 0.000 0.000 0.000 0.985 0.007 0.006 
  24 D L   0.000 0.000 0.000 0.019 0.001 0.002 0.018 0.960 
  25 I E   0.000 0.000 0.000 0.964 0.006 0.001 0.002 0.028 
  26 L E   0.000 0.000 0.000 0.995 0.000 0.000 0.001 0.004 
  27 T E   0.000 0.000 0.000 0.992 0.000 0.000 0.001 0.007 
  28 L E   0.000 0.000 0.000 0.995 0.000 0.000 0.001 0.004 
  29 L E   0.000 0.000 0.000 0.987 0.001 0.001 0.001 0.009 
  30 N E   0.001 0.001 0.000 0.884 0.002 0.005 0.016 0.091 
  31 S E   0.003 0.006 0.000 0.534 0.006 0.100 0.225 0.125 
  32 T E   0.004 0.007 0.000 0.418 0.015 0.143 0.277 0.137 
  33 N E   0.005 0.014 0.000 0.283 0.036 0.124 0.256 0.281 
  34 K T   0.001 0.011 0.000 0.017 0.003 0.602 0.266 0.101 
  35 D T   0.001 0.010 0.000 0.043 0.002 0.572 0.219 0.154 
  36 W E   0.000 0.002 0.000 0.797 0.007 0.011 0.047 0.136 
  37 W E   0.000 0.000 0.000 0.975 0.001 0.000 0.007 0.017 
  38 K E   0.000 0.000 0.000 0.991 0.000 0.000 0.000 0.008 
  39 V E   0.000 0.000 0.000 0.996 0.000 0.000 0.000 0.004 
  40 E E   0.000 0.000 0.000 0.994 0.000 0.000 0.000 0.006 
  41 V E   0.000 0.000 0.000 0.976 0.004 0.002 0.005 0.013 
  42 N T   0.000 0.001 0.000 0.002 0.000 0.974 0.020 0.003 
  43 G T   0.000 0.001 0.000 0.002 0.000 0.977 0.017 0.003 
  44 R E   0.000 0.000 0.000 0.924 0.011 0.004 0.011 0.050 
  45 Q E   0.000 0.000 0.000 0.979 0.001 0.000 0.002 0.018 
  46 G E   0.000 0.000 0.000 0.990 0.000 0.000 0.001 0.008 
  47 F E   0.000 0.000 0.000 0.994 0.000 0.000 0.000 0.005 
  48 V E   0.000 0.000 0.000 0.984 0.001 0.000 0.002 0.013 
  49 P E   0.000 0.003 0.000 0.893 0.005 0.001 0.008 0.089 
  50 A G   0.005 0.937 0.000 0.007 0.000 0.035 0.006 0.010 
  51 A G   0.004 0.959 0.000 0.001 0.000 0.022 0.005 0.008 
  52 Y G   0.005 0.925 0.000 0.007 0.000 0.021 0.010 0.032 
  53 V E   0.003 0.009 0.001 0.782 0.018 0.009 0.023 0.156 
  54 K E   0.000 0.000 0.000 0.921 0.011 0.000 0.001 0.067 
  55 K E   0.000 0.000 0.000 0.872 0.010 0.002 0.002 0.114 
  56 L L   0.000 0.001 0.000 0.022 0.001 0.002 0.001 0.974 
  57 D L   0.000 0.000 0.000 0.000 0.000 0.000 0.001 0.997 
