9   N    9   HN    -1.019740     1.00     1.00  
10   N    10   HN    -0.814760     1.00     1.00  
11   N    11   HN    -1.604810     1.00     1.00  
12   N    12   HN    -1.545820     1.00     1.00  
13   N    13   HN    -1.749060     1.00     1.00  
14   N    14   HN    -1.304810     1.00     1.00  
15   N    15   HN    -0.082014     1.00     1.00  
16   N    16   HN    -1.702550     1.00     1.00  
17   N    17   HN    -2.675950     1.00     1.00  
18   N    18   HN    -2.825210     1.00     1.00  
20   N    20   HN    -3.212410     1.00     1.00  
21   N    21   HN    -2.135900     1.00     1.00  
22   N    22   HN    -3.383620     1.00     1.00  
23   N    23   HN    -3.173060     1.00     1.00  
24   N    24   HN    -2.433460     1.00     1.00  
25   N    25   HN    -2.522340     1.00     1.00  
26   N    26   HN    -0.526112     1.00     1.00  
27   N    27   HN    0.846356     1.00     1.00  
28   N    28   HN    -1.642020     1.00     1.00  
29   N    29   HN    0.398677     1.00     1.00  
30   N    30   HN    -0.376595     1.00     1.00  
31   N    31   HN    -1.009410     1.00     1.00  
32   N    32   HN    -0.526418     1.00     1.00  
33   N    33   HN    -1.055560     1.00     1.00  
34   N    34   HN    -2.274830     1.00     1.00  
35   N    35   HN    -1.886250     1.00     1.00  
36   N    36   HN    -3.420970     1.00     1.00  
38   N    38   HN    -3.898690     1.00     1.00  
39   N    39   HN    -1.740010     1.00     1.00  
40   N    40   HN    -1.551040     1.00     1.00  
41   N    41   HN    -1.101670     1.00     1.00  
43   N    43   HN    -0.953993     1.00     1.00  
44   N    44   HN    -1.846850     1.00     1.00  
45   N    45   HN    -1.255020     1.00     1.00  
46   N    46   HN    -0.914897     1.00     1.00  
48   N    48   HN    -2.989820     1.00     1.00  
52   N    52   HN    0.178283     1.00     1.00  
53   N    53   HN    -2.480020     1.00     1.00  
55   N    55   HN    -2.585020     1.00     1.00  
56   N    56   HN    -1.695540     1.00     1.00  
57   N    57   HN    -2.707830     1.00     1.00  
58   N    58   HN    -1.294220     1.00     1.00  
59   N    59   HN    -2.927240     1.00     1.00  
60   N    60   HN    -3.707730     1.00     1.00  
61   N    61   HN    -3.706090     1.00     1.00  
62   N    62   HN    -2.862570     1.00     1.00  
64   N    64   HN    -2.875300     1.00     1.00  
65   N    65   HN    -1.650510     1.00     1.00  
67   N    67   HN    -2.734690     1.00     1.00  
68   N    68   HN    -1.793280     1.00     1.00  
69   N    69   HN    0.363315     1.00     1.00  
70   N    70   HN    -0.723933     1.00     1.00  
71   N    71   HN    -1.310440     1.00     1.00  
72   N    72   HN    -1.125000     1.00     1.00  
74   N    74   HN    -4.085770     1.00     1.00  
76   N    76   HN    -2.859390     1.00     1.00  
77   N    77   HN    -3.300740     1.00     1.00  
78   N    78   HN    -2.376300     1.00     1.00  
80   N    80   HN    -1.898780     1.00     1.00  
81   N    81   HN    -1.497670     1.00     1.00  
82   N    82   HN    -1.841730     1.00     1.00  
83   N    83   HN    -1.986080     1.00     1.00  
84   N    84   HN    -1.205290     1.00     1.00  
85   N    85   HN    -0.278197     1.00     1.00  
86   N    86   HN    -0.517159     1.00     1.00  
87   N    87   HN    -1.640020     1.00     1.00  
88   N    88   HN    -0.770192     1.00     1.00  
89   N    89   HN    -3.112530     1.00     1.00  
90   N    90   HN    -3.665260     1.00     1.00  
91   N    91   HN    -4.146250     1.00     1.00  
93   N    93   HN    1.833820     1.00     1.00  
95   N    95   HN    0.304115     1.00     1.00  
96   N    96   HN    2.570050     1.00     1.00  
97   N    97   HN    5.109950     1.00     1.00  
98   N    98   HN    3.544930     1.00     1.00  
99   N    99   HN    5.744810     1.00     1.00  
100   N    100   HN    8.739250     1.00     1.00  
101   N    101   HN    13.199100     1.00     1.00  
102   N    102   HN    11.379100     1.00     1.00  
103   N    103   HN    10.409200     1.00     1.00  
104   N    104   HN    12.115200     1.00     1.00  
105   N    105   HN    9.767600     1.00     1.00  
106   N    106   HN    6.243760     1.00     1.00  
107   N    107   HN    7.912040     1.00     1.00  
108   N    108   HN    5.746350     1.00     1.00  
109   N    109   HN    2.562890     1.00     1.00  
110   N    110   HN    0.650682     1.00     1.00  
111   N    111   HN    2.520010     1.00     1.00  
112   N    112   HN    -0.716770     1.00     1.00  
113   N    113   HN    -0.469059     1.00     1.00  
116   N    116   HN    -2.279950     1.00     1.00  
117   N    117   HN    -1.645340     1.00     1.00  
118   N    118   HN    -1.253280     1.00     1.00  
119   N    119   HN    -0.615251     1.00     1.00  
120   N    120   HN    -2.041090     1.00     1.00  
121   N    121   HN    -3.752450     1.00     1.00  
123   N    123   HN    -3.506430     1.00     1.00  
124   N    124   HN    -5.321210     1.00     1.00  
125   N    125   HN    -4.535240     1.00     1.00  
126   N    126   HN    -5.431370     1.00     1.00  
127   N    127   HN    -2.134060     1.00     1.00  
129   N    129   HN    -0.181947     1.00     1.00  
130   N    130   HN    0.359683     1.00     1.00  
131   N    131   HN    -0.028950     1.00     1.00  
132   N    132   HN    0.063770     1.00     1.00  
