#DeepConCNF_SS8: eight-class secondary structure prediction results 
#probabilities are in the order of H G I E B T S L(loops), the 8 secondary structure types used in DSSP 
   1 M L   0.000 0.000 0.000 0.000 0.000 0.000 0.000 1.000 
   2 V L   0.001 0.000 0.000 0.001 0.001 0.001 0.000 0.996 
   3 T L   0.000 0.001 0.000 0.001 0.001 0.003 0.005 0.989 
   4 P L   0.001 0.001 0.000 0.001 0.000 0.001 0.003 0.993 
   5 R L   0.001 0.001 0.000 0.001 0.000 0.002 0.004 0.992 
   6 E L   0.000 0.001 0.000 0.001 0.000 0.002 0.004 0.992 
   7 P L   0.000 0.001 0.000 0.001 0.000 0.002 0.003 0.993 
   8 K L   0.001 0.001 0.000 0.001 0.000 0.002 0.005 0.991 
   9 K L   0.001 0.001 0.000 0.001 0.000 0.002 0.004 0.992 
  10 R L   0.001 0.001 0.000 0.001 0.000 0.002 0.003 0.991 
  11 T L   0.001 0.001 0.000 0.001 0.000 0.002 0.003 0.992 
  12 T L   0.002 0.001 0.000 0.001 0.000 0.003 0.005 0.988 
  13 R L   0.003 0.001 0.000 0.002 0.001 0.003 0.005 0.986 
  14 K L   0.002 0.001 0.000 0.001 0.000 0.002 0.004 0.989 
  15 K L   0.003 0.001 0.000 0.002 0.001 0.004 0.003 0.987 
  16 K L   0.003 0.001 0.000 0.002 0.001 0.003 0.006 0.983 
  17 D L   0.002 0.002 0.000 0.001 0.000 0.002 0.006 0.987 
  18 P L   0.003 0.006 0.000 0.001 0.000 0.030 0.013 0.946 
  19 N L   0.003 0.007 0.000 0.001 0.001 0.036 0.015 0.938 
  20 A L   0.002 0.004 0.000 0.001 0.001 0.006 0.024 0.962 
  21 P L   0.002 0.002 0.000 0.002 0.001 0.004 0.006 0.983 
  22 K L   0.002 0.004 0.000 0.006 0.004 0.006 0.032 0.946 
  23 R L   0.003 0.004 0.000 0.010 0.010 0.010 0.066 0.898 
  24 A L   0.003 0.003 0.000 0.007 0.006 0.013 0.043 0.925 
  25 L L   0.012 0.003 0.000 0.005 0.009 0.014 0.147 0.810 
  26 S L   0.035 0.001 0.000 0.005 0.008 0.005 0.076 0.870 
  27 A H   0.956 0.003 0.000 0.000 0.000 0.011 0.008 0.022 
  28 Y H   0.977 0.003 0.000 0.000 0.000 0.007 0.003 0.011 
  29 M H   0.986 0.003 0.000 0.000 0.000 0.003 0.001 0.006 
  30 F H   0.990 0.001 0.000 0.000 0.000 0.003 0.000 0.006 
  31 F H   0.989 0.001 0.000 0.000 0.000 0.003 0.001 0.005 
  32 A H   0.980 0.002 0.000 0.001 0.000 0.010 0.001 0.007 
  33 N H   0.948 0.003 0.000 0.001 0.000 0.036 0.002 0.009 
  34 E H   0.864 0.004 0.000 0.000 0.000 0.116 0.005 0.010 
  35 N H   0.779 0.005 0.000 0.000 0.000 0.166 0.005 0.044 
  36 R H   0.926 0.007 0.000 0.000 0.000 0.028 0.004 0.034 
  37 D H   0.969 0.006 0.000 0.000 0.000 0.010 0.003 0.011 
  38 I H   0.975 0.006 0.000 0.000 0.000 0.009 0.002 0.008 
  39 V H   0.982 0.007 0.000 0.000 0.000 0.006 0.001 0.004 
  40 R H   0.965 0.013 0.000 0.000 0.000 0.016 0.001 0.005 
  41 S H   0.937 0.015 0.000 0.000 0.000 0.044 0.001 0.003 
  42 E H   0.897 0.012 0.000 0.001 0.001 0.072 0.006 0.010 
  43 N L   0.003 0.002 0.000 0.000 0.001 0.007 0.047 0.940 
  44 P T   0.003 0.006 0.000 0.000 0.000 0.938 0.028 0.025 
  45 D T   0.002 0.005 0.000 0.000 0.000 0.943 0.028 0.022 
  46 I L   0.001 0.005 0.000 0.001 0.004 0.004 0.293 0.692 
  47 T L   0.006 0.001 0.000 0.001 0.007 0.001 0.006 0.978 
  48 F H   0.969 0.008 0.000 0.000 0.000 0.012 0.006 0.006 
  49 G H   0.975 0.007 0.000 0.000 0.000 0.012 0.002 0.003 
  50 Q H   0.983 0.007 0.000 0.000 0.000 0.004 0.002 0.004 
  51 V H   0.993 0.002 0.000 0.000 0.000 0.003 0.000 0.002 
  52 G H   0.996 0.001 0.000 0.000 0.000 0.001 0.000 0.001 
  53 K H   0.997 0.001 0.000 0.000 0.000 0.001 0.000 0.001 
  54 K H   0.994 0.002 0.000 0.000 0.000 0.002 0.000 0.001 
  55 L H   0.988 0.003 0.000 0.000 0.000 0.007 0.000 0.002 
  56 G H   0.968 0.004 0.000 0.000 0.000 0.019 0.001 0.008 
  57 E H   0.952 0.009 0.000 0.000 0.000 0.029 0.002 0.006 
  58 K H   0.931 0.018 0.000 0.000 0.000 0.038 0.006 0.005 
  59 W H   0.860 0.075 0.000 0.001 0.000 0.048 0.005 0.011 
  60 K H   0.702 0.078 0.000 0.001 0.001 0.192 0.013 0.013 
  61 A H   0.402 0.072 0.000 0.001 0.001 0.387 0.073 0.065 
  62 L S   0.017 0.003 0.000 0.001 0.004 0.006 0.826 0.141 
  63 T L   0.010 0.000 0.000 0.000 0.001 0.001 0.008 0.980 
  64 P H   0.888 0.049 0.000 0.000 0.000 0.038 0.013 0.011 
  65 E H   0.891 0.052 0.000 0.000 0.000 0.047 0.006 0.004 
  66 E H   0.882 0.057 0.000 0.000 0.000 0.045 0.008 0.009 
  67 K H   0.936 0.012 0.000 0.000 0.000 0.029 0.006 0.016 
  68 Q H   0.979 0.004 0.000 0.000 0.000 0.008 0.004 0.004 
  69 P H   0.990 0.002 0.000 0.000 0.000 0.005 0.001 0.002 
  70 Y H   0.987 0.002 0.000 0.000 0.000 0.006 0.001 0.004 
  71 E H   0.994 0.001 0.000 0.000 0.000 0.002 0.000 0.002 
  72 A H   0.995 0.001 0.000 0.000 0.000 0.002 0.000 0.001 
  73 K H   0.996 0.001 0.000 0.000 0.000 0.002 0.000 0.001 
  74 A H   0.996 0.000 0.000 0.000 0.000 0.002 0.000 0.001 
  75 Q H   0.996 0.000 0.000 0.000 0.000 0.002 0.000 0.001 
  76 A H   0.997 0.000 0.000 0.000 0.000 0.002 0.000 0.001 
  77 D H   0.995 0.001 0.000 0.000 0.000 0.003 0.000 0.001 
  78 K H   0.993 0.001 0.000 0.000 0.000 0.004 0.001 0.001 
  79 K H   0.991 0.001 0.000 0.000 0.000 0.004 0.001 0.002 
  80 R H   0.990 0.001 0.000 0.000 0.000 0.006 0.001 0.002 
  81 Y H   0.988 0.002 0.000 0.000 0.000 0.007 0.001 0.003 
  82 E H   0.991 0.002 0.000 0.000 0.000 0.005 0.001 0.002 
  83 S H   0.988 0.002 0.000 0.000 0.000 0.007 0.001 0.002 
  84 E H   0.983 0.002 0.000 0.000 0.000 0.009 0.001 0.004 
  85 K H   0.981 0.002 0.000 0.000 0.000 0.008 0.001 0.007 
  86 E H   0.980 0.003 0.000 0.000 0.000 0.008 0.001 0.007 
  87 L H   0.969 0.004 0.000 0.000 0.000 0.014 0.002 0.011 
  88 Y H   0.954 0.005 0.000 0.000 0.000 0.015 0.003 0.022 
  89 N H   0.936 0.008 0.000 0.000 0.000 0.023 0.006 0.027 
  90 A H   0.847 0.010 0.000 0.001 0.000 0.086 0.006 0.051 
  91 T H   0.719 0.010 0.000 0.003 0.002 0.147 0.020 0.098 
  92 L L   0.117 0.004 0.000 0.002 0.003 0.063 0.001 0.809 
  93 A L   0.001 0.000 0.000 0.000 0.000 0.000 0.000 0.998 
