#DeepConCNF_SS8: eight-class secondary structure prediction results 
#probabilities are in the order of H G I E B T S L(loops), the 8 secondary structure types used in DSSP 
   1 E L   0.000 0.000 0.000 0.000 0.000 0.000 0.000 0.999 
   2 L L   0.001 0.003 0.000 0.005 0.006 0.005 0.001 0.979 
   3 T L   0.002 0.012 0.000 0.006 0.005 0.017 0.047 0.910 
   4 P L   0.009 0.036 0.000 0.013 0.002 0.075 0.070 0.796 
   5 A L   0.010 0.034 0.000 0.102 0.003 0.097 0.107 0.647 
   6 V E   0.008 0.020 0.000 0.507 0.015 0.025 0.029 0.396 
   7 T E   0.002 0.004 0.000 0.664 0.003 0.005 0.019 0.304 
   8 T E   0.001 0.001 0.000 0.805 0.003 0.002 0.027 0.160 
   9 Y E   0.000 0.000 0.000 0.899 0.001 0.001 0.015 0.083 
  10 K E   0.001 0.000 0.000 0.962 0.001 0.001 0.002 0.034 
  11 L E   0.001 0.000 0.000 0.978 0.000 0.000 0.001 0.019 
  12 V E   0.001 0.001 0.000 0.978 0.001 0.001 0.002 0.017 
  13 I E   0.001 0.001 0.000 0.950 0.004 0.002 0.009 0.033 
  14 N E   0.004 0.011 0.000 0.575 0.006 0.226 0.040 0.138 
  15 G T   0.005 0.013 0.000 0.292 0.001 0.441 0.110 0.137 
  16 K E   0.015 0.020 0.000 0.366 0.036 0.173 0.193 0.197 
  17 T L   0.010 0.010 0.000 0.343 0.026 0.044 0.152 0.414 
  18 L T   0.007 0.017 0.000 0.220 0.015 0.375 0.098 0.267 
  19 K T   0.004 0.015 0.000 0.199 0.006 0.470 0.113 0.192 
  20 G E   0.003 0.014 0.000 0.322 0.007 0.194 0.282 0.179 
  21 E E   0.002 0.004 0.000 0.546 0.015 0.024 0.051 0.359 
  22 T E   0.001 0.002 0.000 0.755 0.009 0.006 0.020 0.206 
  23 T E   0.001 0.001 0.000 0.873 0.003 0.002 0.006 0.115 
  24 T E   0.001 0.000 0.000 0.968 0.002 0.000 0.002 0.026 
  25 K E   0.001 0.000 0.000 0.958 0.002 0.001 0.002 0.037 
  26 A E   0.000 0.000 0.000 0.718 0.006 0.002 0.006 0.267 
  27 V S   0.000 0.001 0.000 0.051 0.001 0.003 0.680 0.264 
  28 D L   0.008 0.000 0.000 0.011 0.009 0.003 0.474 0.495 
  29 A H   0.974 0.004 0.000 0.001 0.000 0.009 0.006 0.006 
  30 E H   0.985 0.003 0.000 0.001 0.000 0.008 0.002 0.001 
  31 T H   0.989 0.004 0.000 0.001 0.000 0.004 0.001 0.001 
  32 A H   0.994 0.001 0.000 0.000 0.000 0.002 0.000 0.002 
  33 E H   0.996 0.001 0.000 0.000 0.000 0.002 0.000 0.001 
  34 K H   0.995 0.001 0.000 0.000 0.000 0.003 0.000 0.000 
  35 A H   0.993 0.002 0.000 0.000 0.000 0.004 0.000 0.000 
  36 F H   0.990 0.004 0.000 0.000 0.000 0.004 0.000 0.001 
  37 K H   0.977 0.006 0.000 0.000 0.000 0.014 0.001 0.001 
  38 Q H   0.952 0.009 0.000 0.001 0.000 0.035 0.001 0.002 
  39 Y H   0.915 0.013 0.001 0.003 0.001 0.053 0.006 0.008 
  40 A H   0.766 0.032 0.001 0.006 0.003 0.109 0.031 0.052 
  41 N H   0.613 0.098 0.001 0.008 0.003 0.176 0.055 0.046 
  42 D H   0.451 0.124 0.001 0.010 0.007 0.282 0.057 0.067 
  43 N T   0.152 0.104 0.000 0.005 0.002 0.611 0.091 0.035 
  44 G T   0.009 0.034 0.000 0.034 0.003 0.469 0.279 0.173 
  45 V E   0.011 0.020 0.000 0.437 0.075 0.032 0.058 0.367 
  46 D E   0.013 0.019 0.000 0.525 0.017 0.127 0.094 0.205 
  47 G E   0.009 0.016 0.000 0.646 0.008 0.097 0.068 0.156 
  48 V E   0.011 0.009 0.000 0.808 0.011 0.012 0.036 0.113 
  49 W E   0.009 0.008 0.000 0.855 0.009 0.011 0.019 0.090 
  50 T E   0.007 0.009 0.000 0.814 0.010 0.018 0.033 0.110 
  51 Y E   0.007 0.007 0.000 0.720 0.027 0.022 0.077 0.140 
  52 D L   0.007 0.007 0.000 0.327 0.016 0.032 0.099 0.512 
  53 D T   0.041 0.166 0.000 0.034 0.003 0.564 0.051 0.140 
  54 A T   0.042 0.162 0.000 0.009 0.002 0.690 0.039 0.055 
  55 T T   0.043 0.164 0.000 0.012 0.002 0.610 0.084 0.086 
  56 K L   0.036 0.019 0.000 0.159 0.013 0.176 0.227 0.369 
  57 T E   0.029 0.010 0.000 0.505 0.021 0.036 0.109 0.290 
  58 F E   0.026 0.009 0.000 0.777 0.019 0.020 0.047 0.102 
  59 T E   0.024 0.012 0.000 0.796 0.015 0.014 0.044 0.094 
  60 V E   0.023 0.018 0.000 0.659 0.011 0.024 0.068 0.197 
  61 T L   0.019 0.029 0.000 0.388 0.004 0.026 0.084 0.449 
  62 E L   0.018 0.032 0.000 0.346 0.013 0.041 0.182 0.367 
  63 M L   0.010 0.017 0.000 0.347 0.015 0.030 0.102 0.480 
  64 V L   0.006 0.007 0.000 0.328 0.023 0.007 0.059 0.569 
  65 T L   0.002 0.004 0.000 0.238 0.021 0.007 0.080 0.649 
  66 E L   0.001 0.006 0.000 0.118 0.015 0.016 0.094 0.750 
  67 V L   0.001 0.005 0.000 0.043 0.008 0.009 0.046 0.889 
  68 P L   0.001 0.004 0.000 0.021 0.009 0.015 0.029 0.921 
  69 V L   0.000 0.001 0.000 0.007 0.004 0.009 0.000 0.978 
  70 A L   0.000 0.000 0.000 0.000 0.000 0.000 0.000 0.999 
