#DeepConCNF_SS8: eight-class secondary structure prediction results 
#probabilities are in the order of H G I E B T S L(loops), the 8 secondary structure types used in DSSP 
   1 M L   0.000 0.000 0.000 0.019 0.000 0.000 0.002 0.978 
   2 Q E   0.000 0.000 0.000 0.930 0.007 0.000 0.000 0.062 
   3 I E   0.000 0.000 0.000 0.995 0.000 0.000 0.001 0.004 
   4 F E   0.000 0.000 0.000 0.995 0.000 0.000 0.000 0.004 
   5 V E   0.000 0.000 0.000 0.997 0.000 0.000 0.000 0.002 
   6 K E   0.000 0.000 0.000 0.974 0.005 0.000 0.003 0.017 
   7 T L   0.000 0.001 0.000 0.289 0.005 0.002 0.008 0.695 
   8 L T   0.001 0.007 0.000 0.005 0.001 0.933 0.041 0.012 
   9 T T   0.000 0.006 0.000 0.001 0.001 0.942 0.041 0.009 
  10 G S   0.000 0.005 0.000 0.010 0.003 0.006 0.867 0.110 
  11 K L   0.000 0.000 0.000 0.051 0.013 0.002 0.027 0.906 
  12 T E   0.000 0.000 0.000 0.971 0.009 0.000 0.002 0.018 
  13 I E   0.000 0.000 0.000 0.995 0.000 0.000 0.000 0.004 
  14 T E   0.000 0.000 0.000 0.985 0.001 0.000 0.002 0.012 
  15 L E   0.000 0.000 0.000 0.921 0.001 0.000 0.003 0.074 
  16 E E   0.000 0.000 0.000 0.858 0.007 0.001 0.010 0.124 
  17 V E   0.000 0.001 0.000 0.610 0.031 0.001 0.004 0.352 
  18 E L   0.000 0.001 0.000 0.076 0.005 0.002 0.006 0.910 
  19 P T   0.001 0.003 0.000 0.002 0.001 0.970 0.019 0.004 
  20 S T   0.001 0.003 0.000 0.002 0.001 0.974 0.013 0.007 
  21 D S   0.000 0.002 0.000 0.005 0.005 0.003 0.520 0.464 
  22 T B   0.005 0.000 0.001 0.022 0.862 0.001 0.019 0.090 
  23 I H   0.991 0.002 0.000 0.001 0.000 0.003 0.001 0.001 
  24 E H   0.997 0.001 0.000 0.000 0.000 0.001 0.000 0.000 
  25 N H   0.998 0.001 0.000 0.000 0.000 0.001 0.000 0.000 
  26 V H   0.998 0.000 0.000 0.000 0.000 0.001 0.000 0.000 
  27 K H   0.998 0.000 0.000 0.000 0.000 0.001 0.000 0.000 
  28 A H   0.998 0.000 0.000 0.000 0.000 0.001 0.000 0.000 
  29 K H   0.995 0.000 0.000 0.000 0.000 0.004 0.000 0.000 
  30 I H   0.991 0.000 0.000 0.000 0.000 0.008 0.000 0.001 
  31 Q H   0.996 0.001 0.000 0.000 0.000 0.002 0.000 0.001 
  32 D H   0.990 0.001 0.000 0.000 0.000 0.008 0.000 0.000 
  33 K H   0.970 0.004 0.000 0.000 0.000 0.020 0.003 0.003 
  34 E H   0.902 0.006 0.000 0.001 0.000 0.059 0.013 0.018 
  35 G L   0.017 0.002 0.000 0.001 0.002 0.241 0.097 0.639 
  36 I L   0.000 0.000 0.000 0.002 0.012 0.004 0.248 0.733 
  37 P L   0.000 0.001 0.000 0.001 0.002 0.002 0.007 0.987 
  38 P G   0.030 0.811 0.000 0.001 0.000 0.099 0.012 0.045 
  39 D G   0.032 0.829 0.000 0.005 0.000 0.102 0.016 0.016 
  40 Q G   0.022 0.826 0.000 0.025 0.001 0.076 0.022 0.027 
  41 Q E   0.002 0.011 0.000 0.773 0.007 0.002 0.013 0.191 
  42 R E   0.000 0.000 0.000 0.968 0.002 0.000 0.001 0.029 
  43 L E   0.000 0.000 0.000 0.992 0.000 0.000 0.000 0.007 
  44 I E   0.000 0.000 0.000 0.997 0.000 0.000 0.000 0.002 
  45 F E   0.000 0.000 0.000 0.977 0.004 0.002 0.002 0.014 
  46 A T   0.001 0.004 0.000 0.005 0.000 0.951 0.023 0.015 
  47 G T   0.000 0.003 0.000 0.003 0.000 0.967 0.021 0.005 
  48 K E   0.000 0.001 0.000 0.934 0.023 0.004 0.008 0.029 
  49 Q E   0.000 0.000 0.000 0.926 0.036 0.000 0.002 0.035 
  50 L L   0.000 0.000 0.000 0.027 0.002 0.001 0.005 0.966 
  51 E L   0.000 0.003 0.000 0.005 0.012 0.004 0.021 0.955 
  52 D T   0.004 0.006 0.000 0.001 0.002 0.935 0.045 0.007 
  53 G T   0.001 0.003 0.000 0.001 0.002 0.904 0.072 0.018 
  54 R S   0.000 0.000 0.000 0.034 0.020 0.001 0.546 0.399 
  55 T B   0.001 0.006 0.001 0.099 0.733 0.003 0.061 0.097 
  56 L G   0.007 0.813 0.001 0.013 0.007 0.081 0.024 0.054 
  57 S G   0.010 0.933 0.000 0.000 0.000 0.046 0.003 0.008 
  58 D G   0.016 0.950 0.000 0.001 0.001 0.023 0.004 0.005 
  59 Y G   0.019 0.786 0.001 0.001 0.002 0.092 0.038 0.062 
  60 N L   0.003 0.092 0.000 0.001 0.008 0.407 0.057 0.431 
  61 I L   0.000 0.000 0.000 0.003 0.030 0.001 0.008 0.958 
  62 Q L   0.000 0.000 0.000 0.001 0.003 0.002 0.005 0.989 
  63 K T   0.001 0.004 0.000 0.000 0.001 0.979 0.013 0.002 
  64 E T   0.001 0.002 0.000 0.000 0.000 0.983 0.009 0.004 
  65 S L   0.000 0.000 0.000 0.038 0.002 0.003 0.017 0.941 
  66 T E   0.000 0.000 0.000 0.908 0.010 0.001 0.003 0.077 
  67 L E   0.000 0.000 0.000 0.994 0.000 0.000 0.001 0.004 
  68 H E   0.000 0.000 0.000 0.987 0.000 0.000 0.001 0.012 
  69 L E   0.000 0.000 0.000 0.955 0.001 0.000 0.002 0.041 
  70 V E   0.000 0.000 0.000 0.840 0.002 0.002 0.007 0.148 
  71 L E   0.000 0.000 0.000 0.674 0.008 0.001 0.013 0.303 
  72 R L   0.000 0.001 0.000 0.404 0.018 0.001 0.015 0.561 
  73 L L   0.001 0.002 0.000 0.138 0.015 0.003 0.023 0.818 
  74 R L   0.001 0.002 0.000 0.019 0.007 0.014 0.044 0.914 
  75 G L   0.000 0.002 0.000 0.004 0.009 0.013 0.001 0.970 
  76 G L   0.000 0.000 0.000 0.000 0.000 0.000 0.001 0.999 
