#DeepConCNF_SS8: eight-class secondary structure prediction results 
#probabilities are in the order of H G I E B T S L(loops), the 8 secondary structure types used in DSSP 
   1 M L   0.001 0.000 0.000 0.001 0.000 0.000 0.001 0.997 
   2 E L   0.160 0.003 0.000 0.024 0.003 0.011 0.001 0.798 
   3 E H   0.563 0.006 0.000 0.118 0.006 0.018 0.013 0.277 
   4 V H   0.563 0.005 0.000 0.143 0.002 0.010 0.026 0.252 
   5 T H   0.573 0.004 0.000 0.170 0.002 0.010 0.013 0.226 
   6 I H   0.663 0.009 0.000 0.232 0.006 0.021 0.013 0.055 
   7 K H   0.641 0.019 0.000 0.235 0.002 0.040 0.013 0.050 
   8 A H   0.569 0.034 0.000 0.219 0.001 0.096 0.022 0.059 
   9 N H   0.459 0.035 0.000 0.237 0.003 0.137 0.034 0.096 
  10 L H   0.368 0.039 0.001 0.350 0.007 0.084 0.039 0.113 
  11 I E   0.337 0.039 0.000 0.438 0.016 0.057 0.033 0.080 
  12 F E   0.297 0.039 0.000 0.425 0.012 0.059 0.028 0.139 
  13 A E   0.260 0.037 0.000 0.307 0.010 0.073 0.057 0.255 
  14 N L   0.208 0.041 0.000 0.129 0.007 0.142 0.073 0.401 
  15 G L   0.095 0.037 0.000 0.029 0.001 0.132 0.294 0.412 
  16 S L   0.115 0.037 0.000 0.065 0.010 0.046 0.161 0.565 
  17 T L   0.146 0.032 0.000 0.149 0.025 0.013 0.115 0.521 
  18 Q L   0.174 0.048 0.000 0.191 0.015 0.019 0.051 0.502 
  19 T H   0.282 0.151 0.000 0.201 0.013 0.052 0.030 0.270 
  20 A H   0.296 0.185 0.000 0.160 0.007 0.049 0.025 0.276 
  21 E H   0.293 0.195 0.000 0.122 0.011 0.048 0.042 0.289 
  22 F H   0.304 0.139 0.000 0.092 0.013 0.094 0.075 0.283 
  23 K T   0.307 0.067 0.000 0.045 0.009 0.322 0.065 0.185 
  24 G T   0.288 0.020 0.000 0.019 0.004 0.295 0.226 0.147 
  25 T H   0.509 0.011 0.000 0.022 0.017 0.018 0.048 0.374 
  26 F H   0.903 0.014 0.000 0.026 0.002 0.014 0.013 0.027 
  27 E H   0.916 0.014 0.000 0.031 0.001 0.017 0.006 0.015 
  28 K H   0.918 0.012 0.000 0.025 0.001 0.016 0.008 0.019 
  29 A H   0.889 0.006 0.000 0.011 0.001 0.021 0.009 0.062 
  30 T H   0.890 0.008 0.000 0.006 0.001 0.022 0.014 0.058 
  31 S H   0.928 0.010 0.000 0.004 0.001 0.020 0.012 0.024 
  32 E H   0.948 0.013 0.000 0.004 0.001 0.015 0.005 0.015 
  33 A H   0.956 0.015 0.000 0.003 0.000 0.012 0.004 0.010 
  34 Y H   0.950 0.018 0.000 0.002 0.000 0.019 0.002 0.008 
  35 A H   0.927 0.023 0.000 0.001 0.000 0.039 0.004 0.005 
  36 Y H   0.903 0.025 0.001 0.000 0.000 0.054 0.006 0.011 
  37 A H   0.906 0.028 0.000 0.001 0.000 0.048 0.007 0.010 
  38 D H   0.842 0.029 0.001 0.001 0.001 0.101 0.010 0.017 
  39 T H   0.831 0.028 0.001 0.003 0.002 0.109 0.011 0.016 
  40 L H   0.792 0.026 0.001 0.005 0.006 0.077 0.030 0.063 
  41 K H   0.626 0.041 0.001 0.004 0.003 0.135 0.047 0.143 
  42 K H   0.561 0.077 0.000 0.007 0.005 0.180 0.079 0.091 
  43 D H   0.451 0.083 0.000 0.005 0.004 0.268 0.128 0.061 
  44 N T   0.247 0.082 0.000 0.004 0.007 0.352 0.100 0.208 
  45 G L   0.070 0.091 0.000 0.007 0.004 0.108 0.239 0.480 
  46 E S   0.048 0.118 0.000 0.036 0.005 0.157 0.356 0.279 
  47 W L   0.031 0.101 0.000 0.225 0.005 0.146 0.209 0.283 
  48 T E   0.018 0.032 0.000 0.580 0.007 0.018 0.093 0.252 
  49 V E   0.017 0.009 0.000 0.855 0.016 0.005 0.018 0.079 
  50 D E   0.016 0.010 0.000 0.838 0.010 0.007 0.006 0.111 
  51 V E   0.026 0.114 0.000 0.480 0.005 0.210 0.027 0.138 
  52 A T   0.028 0.220 0.000 0.157 0.002 0.441 0.045 0.108 
  53 D T   0.027 0.258 0.000 0.110 0.008 0.398 0.093 0.106 
  54 K T   0.022 0.201 0.000 0.092 0.003 0.482 0.099 0.101 
  55 G T   0.015 0.087 0.000 0.183 0.006 0.469 0.079 0.161 
  56 Y E   0.012 0.017 0.000 0.617 0.017 0.041 0.055 0.242 
  57 T E   0.012 0.005 0.000 0.824 0.010 0.005 0.023 0.121 
  58 L E   0.015 0.006 0.000 0.836 0.010 0.004 0.017 0.112 
  59 N E   0.014 0.010 0.000 0.682 0.005 0.005 0.017 0.267 
  60 I E   0.014 0.021 0.000 0.534 0.004 0.008 0.021 0.397 
  61 K E   0.018 0.028 0.000 0.553 0.021 0.014 0.034 0.332 
  62 F L   0.012 0.020 0.000 0.437 0.021 0.035 0.037 0.438 
  63 A L   0.001 0.005 0.000 0.049 0.004 0.020 0.001 0.921 
  64 G L   0.000 0.000 0.000 0.000 0.000 0.000 0.001 0.998 
