#DeepConCNF_SS8: eight-class secondary structure prediction results 
#probabilities are in the order of H G I E B T S L(loops), the 8 secondary structure types used in DSSP 
   1 T L   0.000 0.000 0.000 0.000 0.000 0.000 0.000 1.000 
   2 T L   0.001 0.001 0.000 0.001 0.001 0.002 0.000 0.994 
   3 E L   0.002 0.002 0.000 0.002 0.001 0.007 0.007 0.979 
   4 D L   0.002 0.002 0.000 0.001 0.001 0.002 0.004 0.989 
   5 K L   0.002 0.002 0.000 0.001 0.001 0.004 0.007 0.984 
   6 I L   0.001 0.002 0.000 0.002 0.001 0.005 0.012 0.977 
   7 S L   0.001 0.002 0.000 0.002 0.001 0.004 0.008 0.982 
   8 R L   0.001 0.002 0.000 0.002 0.001 0.003 0.012 0.979 
   9 A L   0.001 0.001 0.000 0.001 0.001 0.003 0.007 0.986 
  10 V L   0.001 0.001 0.000 0.003 0.001 0.004 0.009 0.980 
  11 G L   0.001 0.001 0.000 0.002 0.001 0.004 0.029 0.961 
  12 P L   0.002 0.001 0.000 0.002 0.001 0.004 0.007 0.983 
  13 R L   0.003 0.002 0.000 0.005 0.002 0.004 0.008 0.975 
  14 Q L   0.005 0.003 0.000 0.010 0.003 0.004 0.009 0.965 
  15 A L   0.002 0.002 0.000 0.009 0.001 0.003 0.006 0.977 
  16 Q L   0.005 0.002 0.000 0.049 0.003 0.004 0.008 0.929 
  17 V L   0.007 0.002 0.000 0.134 0.004 0.003 0.008 0.842 
  18 S L   0.014 0.004 0.000 0.233 0.005 0.007 0.014 0.724 
  19 F L   0.021 0.006 0.000 0.301 0.016 0.018 0.027 0.610 
  20 L L   0.011 0.004 0.000 0.209 0.005 0.011 0.033 0.728 
  21 H L   0.007 0.004 0.000 0.112 0.005 0.006 0.013 0.852 
  22 G L   0.003 0.002 0.000 0.023 0.002 0.003 0.011 0.956 
  23 D L   0.002 0.003 0.000 0.004 0.001 0.003 0.004 0.984 
  24 Q L   0.003 0.003 0.000 0.003 0.001 0.006 0.005 0.978 
  25 S L   0.002 0.002 0.000 0.001 0.001 0.004 0.004 0.985 
  26 E L   0.002 0.002 0.000 0.001 0.000 0.004 0.004 0.987 
  27 N L   0.002 0.002 0.000 0.001 0.000 0.004 0.005 0.985 
  28 E L   0.002 0.002 0.000 0.001 0.000 0.003 0.005 0.986 
  29 L L   0.002 0.001 0.000 0.001 0.000 0.002 0.004 0.990 
  30 P L   0.003 0.001 0.000 0.001 0.000 0.002 0.003 0.989 
  31 R L   0.003 0.001 0.000 0.001 0.000 0.002 0.003 0.990 
  32 L L   0.004 0.001 0.000 0.001 0.000 0.002 0.002 0.990 
  33 G L   0.006 0.001 0.000 0.001 0.000 0.003 0.003 0.986 
  34 G L   0.015 0.001 0.000 0.001 0.000 0.003 0.003 0.977 
  35 K L   0.109 0.002 0.000 0.001 0.000 0.005 0.003 0.879 
  36 E L   0.192 0.002 0.000 0.001 0.000 0.005 0.004 0.796 
  37 D L   0.426 0.004 0.000 0.001 0.000 0.007 0.004 0.558 
  38 R H   0.521 0.003 0.000 0.001 0.000 0.006 0.003 0.466 
  39 R H   0.567 0.002 0.000 0.002 0.000 0.004 0.002 0.422 
  40 V H   0.545 0.002 0.000 0.004 0.001 0.004 0.002 0.443 
  41 K L   0.300 0.002 0.000 0.002 0.000 0.009 0.003 0.684 
  42 Q L   0.025 0.001 0.000 0.000 0.000 0.005 0.002 0.967 
  43 S L   0.008 0.001 0.000 0.001 0.000 0.002 0.001 0.987 
  44 R L   0.008 0.001 0.000 0.000 0.000 0.003 0.002 0.987 
  45 G L   0.043 0.001 0.000 0.000 0.000 0.004 0.003 0.948 
  46 E H   0.645 0.001 0.000 0.001 0.000 0.004 0.002 0.347 
  47 A H   0.807 0.002 0.000 0.001 0.000 0.004 0.002 0.184 
  48 R H   0.887 0.003 0.000 0.002 0.000 0.003 0.002 0.102 
  49 E H   0.908 0.002 0.000 0.002 0.000 0.004 0.004 0.081 
  50 S H   0.885 0.002 0.000 0.001 0.000 0.006 0.003 0.103 
  51 Y H   0.860 0.002 0.000 0.001 0.000 0.005 0.002 0.130 
  52 R H   0.614 0.001 0.000 0.002 0.001 0.005 0.003 0.375 
  53 E L   0.111 0.001 0.000 0.001 0.000 0.004 0.002 0.881 
  54 T L   0.006 0.000 0.000 0.000 0.000 0.001 0.002 0.990 
  55 G L   0.001 0.001 0.000 0.000 0.000 0.001 0.002 0.995 
  56 P L   0.001 0.001 0.000 0.001 0.000 0.001 0.001 0.994 
  57 S L   0.002 0.001 0.000 0.001 0.000 0.002 0.002 0.992 
  58 R L   0.002 0.001 0.000 0.001 0.000 0.002 0.002 0.992 
  59 A L   0.002 0.001 0.000 0.001 0.000 0.002 0.003 0.991 
  60 S L   0.003 0.001 0.000 0.001 0.000 0.002 0.003 0.990 
  61 D L   0.004 0.001 0.000 0.001 0.000 0.002 0.003 0.987 
  62 A L   0.004 0.001 0.000 0.001 0.000 0.002 0.003 0.988 
  63 R L   0.004 0.001 0.000 0.002 0.000 0.002 0.002 0.989 
  64 A L   0.004 0.002 0.000 0.002 0.001 0.003 0.003 0.986 
  65 A L   0.002 0.001 0.000 0.001 0.000 0.002 0.003 0.990 
  66 H L   0.002 0.001 0.000 0.002 0.000 0.002 0.003 0.990 
  67 L L   0.001 0.001 0.000 0.001 0.000 0.001 0.003 0.992 
  68 P L   0.001 0.001 0.000 0.001 0.000 0.001 0.002 0.993 
  69 T L   0.002 0.001 0.000 0.001 0.000 0.002 0.003 0.990 
  70 G L   0.002 0.001 0.000 0.001 0.000 0.002 0.004 0.989 
  71 T L   0.001 0.001 0.000 0.001 0.000 0.001 0.003 0.991 
  72 P L   0.001 0.001 0.000 0.001 0.000 0.002 0.003 0.992 
  73 L L   0.002 0.001 0.000 0.001 0.000 0.002 0.003 0.991 
  74 D L   0.002 0.001 0.000 0.001 0.000 0.002 0.003 0.991 
  75 I L   0.004 0.002 0.000 0.002 0.001 0.003 0.004 0.984 
  76 D L   0.004 0.002 0.000 0.002 0.000 0.005 0.005 0.982 
  77 T L   0.004 0.002 0.000 0.001 0.000 0.004 0.005 0.983 
  78 A L   0.004 0.002 0.000 0.001 0.000 0.004 0.005 0.983 
  79 S L   0.004 0.002 0.000 0.001 0.000 0.004 0.004 0.985 
  80 E L   0.006 0.002 0.000 0.002 0.001 0.003 0.005 0.981 
  81 S L   0.005 0.002 0.000 0.002 0.001 0.003 0.006 0.981 
  82 S L   0.006 0.002 0.000 0.002 0.001 0.008 0.007 0.973 
  83 Q L   0.008 0.002 0.000 0.002 0.002 0.006 0.021 0.959 
  84 D L   0.014 0.002 0.000 0.001 0.001 0.005 0.024 0.955 
  85 P L   0.408 0.005 0.000 0.001 0.001 0.039 0.019 0.527 
  86 Q H   0.840 0.004 0.000 0.001 0.000 0.029 0.012 0.114 
  87 D H   0.883 0.004 0.000 0.001 0.000 0.009 0.009 0.093 
  88 S H   0.910 0.002 0.000 0.001 0.000 0.009 0.007 0.070 
  89 R H   0.917 0.001 0.000 0.002 0.001 0.010 0.004 0.065 
  90 R H   0.914 0.001 0.000 0.001 0.000 0.005 0.003 0.075 
  91 S H   0.935 0.001 0.000 0.001 0.000 0.004 0.002 0.057 
  92 A H   0.979 0.001 0.000 0.001 0.000 0.003 0.001 0.016 
  93 D H   0.985 0.001 0.000 0.000 0.000 0.003 0.001 0.010 
  94 A H   0.988 0.001 0.000 0.000 0.000 0.003 0.000 0.007 
  95 L H   0.989 0.000 0.000 0.000 0.000 0.003 0.000 0.006 
  96 L H   0.988 0.001 0.000 0.000 0.000 0.003 0.001 0.008 
  97 R H   0.983 0.001 0.000 0.000 0.000 0.004 0.001 0.011 
  98 L H   0.985 0.001 0.000 0.000 0.000 0.004 0.001 0.009 
  99 Q H   0.984 0.002 0.000 0.000 0.000 0.005 0.001 0.007 
 100 A H   0.975 0.004 0.000 0.000 0.000 0.011 0.003 0.007 
 101 M H   0.953 0.005 0.000 0.001 0.000 0.019 0.004 0.019 
 102 A H   0.648 0.007 0.000 0.000 0.000 0.254 0.017 0.073 
 103 G T   0.083 0.008 0.000 0.000 0.000 0.635 0.021 0.252 
 104 I L   0.068 0.017 0.000 0.004 0.004 0.066 0.039 0.802 
 105 S L   0.060 0.018 0.000 0.003 0.002 0.023 0.023 0.871 
 106 E L   0.042 0.017 0.000 0.007 0.004 0.034 0.033 0.863 
 107 E L   0.027 0.012 0.000 0.008 0.004 0.019 0.017 0.913 
 108 Q L   0.007 0.007 0.000 0.003 0.001 0.010 0.010 0.962 
 109 G L   0.002 0.007 0.000 0.002 0.001 0.010 0.016 0.962 
 110 S L   0.002 0.006 0.000 0.002 0.001 0.007 0.022 0.960 
 111 D L   0.001 0.005 0.000 0.002 0.001 0.008 0.016 0.966 
 112 T L   0.002 0.005 0.000 0.004 0.002 0.017 0.018 0.951 
 113 D L   0.001 0.004 0.000 0.005 0.002 0.009 0.020 0.959 
 114 T L   0.001 0.002 0.000 0.007 0.002 0.004 0.032 0.950 
 115 P L   0.002 0.002 0.000 0.017 0.002 0.006 0.016 0.957 
 116 I L   0.006 0.003 0.000 0.102 0.009 0.007 0.034 0.839 
 117 V L   0.012 0.003 0.000 0.196 0.032 0.007 0.035 0.715 
 118 Y L   0.015 0.006 0.000 0.162 0.019 0.014 0.034 0.749 
 119 N L   0.009 0.016 0.000 0.023 0.002 0.017 0.042 0.891 
 120 D L   0.021 0.097 0.000 0.004 0.002 0.044 0.025 0.808 
 121 R L   0.030 0.140 0.000 0.001 0.001 0.093 0.029 0.706 
 122 N L   0.030 0.136 0.000 0.004 0.002 0.065 0.024 0.738 
 123 L L   0.031 0.095 0.000 0.014 0.010 0.047 0.058 0.744 
 124 L L   0.011 0.022 0.000 0.011 0.009 0.032 0.001 0.915 
 125 D L   0.000 0.001 0.000 0.000 0.000 0.000 0.000 0.999 
