Sample description: Sample description
Parent(s): /var/folders/nk/j65trky11_jb98bsr7f1wj_80000gn/T/qt_temp.fA1209 /var/folders/nk/j65trky11_jb98bsr7f1wj_80000gn/T/qt_temp.mf1209 /var/folders/nk/j65trky11_jb98bsr7f1wj_80000gn/T/qt_temp.CP1209
  5.700000e-04   9.296719e+00   6.088897e-02
  3.310000e-03   9.296535e+00   6.088895e-02
  6.050000e-03   9.296143e+00   6.088858e-02
  8.790000e-03   9.295525e+00   6.088626e-02
  1.153000e-02   9.294679e+00   6.088099e-02
  1.427000e-02   9.293603e+00   6.087830e-02
  1.701000e-02   9.292300e+00   6.087558e-02
  1.975000e-02   9.290770e+00   6.086993e-02
  2.249000e-02   9.289012e+00   6.086528e-02
  2.523000e-02   9.287028e+00   6.085925e-02
  2.797000e-02   9.284814e+00   6.085420e-02
  3.071000e-02   9.282374e+00   6.084585e-02
  3.345000e-02   9.279705e+00   6.083557e-02
  3.619000e-02   9.276810e+00   6.082528e-02
  3.893000e-02   9.273689e+00   6.081689e-02
  4.167000e-02   9.270340e+00   6.081109e-02
  4.441000e-02   9.266766e+00   6.080041e-02
  4.715000e-02   9.262966e+00   6.078485e-02
  4.989000e-02   9.258939e+00   6.077185e-02
  5.263000e-02   9.254688e+00   6.076041e-02
  5.537000e-02   9.250211e+00   6.074739e-02
  5.811000e-02   9.245509e+00   6.073143e-02
  6.085000e-02   9.240579e+00   6.071804e-02
  6.359000e-02   9.235428e+00   6.070429e-02
  6.633000e-02   9.230055e+00   6.068600e-02
  6.907000e-02   9.224457e+00   6.066734e-02
  7.181000e-02   9.218635e+00   6.065125e-02
  7.455000e-02   9.212592e+00   6.063223e-02
  7.729000e-02   9.206329e+00   6.061162e-02
  8.003000e-02   9.199845e+00   6.059257e-02
  8.277000e-02   9.193137e+00   6.057608e-02
  8.551000e-02   9.186207e+00   6.055472e-02
  8.825000e-02   9.179058e+00   6.052847e-02
  9.099000e-02   9.171689e+00   6.050481e-02
  9.373000e-02   9.164103e+00   6.048305e-02
  9.647000e-02   9.156296e+00   6.046129e-02
  9.921000e-02   9.148272e+00   6.043759e-02
  1.019500e-01   9.140028e+00   6.041059e-02
  1.046900e-01   9.131569e+00   6.038457e-02
  1.074300e-01   9.122894e+00   6.035718e-02
  1.101700e-01   9.114006e+00   6.033079e-02
  1.129100e-01   9.104903e+00   6.030145e-02
  1.156500e-01   9.095582e+00   6.027210e-02
  1.183900e-01   9.086049e+00   6.024533e-02
  1.211300e-01   9.076301e+00   6.021560e-02
  1.238700e-01   9.066342e+00   6.018393e-02
  1.266100e-01   9.056173e+00   6.015191e-02
  1.293500e-01   9.045792e+00   6.011984e-02
  1.320900e-01   9.035204e+00   6.008742e-02
  1.348300e-01   9.024407e+00   6.005306e-02
  1.375700e-01   9.013402e+00   6.001573e-02
  1.403100e-01   9.002187e+00   5.998099e-02
  1.430500e-01   8.990765e+00   5.994623e-02
  1.457900e-01   8.979135e+00   5.990853e-02
  1.485300e-01   8.967300e+00   5.987183e-02
  1.512700e-01   8.955262e+00   5.983375e-02
  1.540100e-01   8.943022e+00   5.979666e-02
  1.567500e-01   8.930582e+00   5.975629e-02
  1.594900e-01   8.917937e+00   5.971431e-02
  1.622300e-01   8.905089e+00   5.967392e-02
  1.649700e-01   8.892044e+00   5.963645e-02
  1.677100e-01   8.878800e+00   5.959601e-02
  1.704500e-01   8.865360e+00   5.955329e-02
  1.731900e-01   8.851720e+00   5.950827e-02
  1.759300e-01   8.837885e+00   5.946028e-02
  1.786700e-01   8.823854e+00   5.941521e-02
  1.814100e-01   8.809631e+00   5.937173e-02
  1.841500e-01   8.795212e+00   5.932664e-02
  1.868900e-01   8.780601e+00   5.927828e-02
  1.896300e-01   8.765802e+00   5.923090e-02
  1.923700e-01   8.750812e+00   5.918214e-02
  1.951100e-01   8.735636e+00   5.913436e-02
  1.978500e-01   8.720268e+00   5.908331e-02
  2.005900e-01   8.704713e+00   5.903065e-02
  2.033300e-01   8.688973e+00   5.897958e-02
  2.060700e-01   8.673049e+00   5.893142e-02
  2.088100e-01   8.656937e+00   5.888030e-02
  2.115500e-01   8.640644e+00   5.882690e-02
  2.142900e-01   8.624172e+00   5.877120e-02
  2.170300e-01   8.607518e+00   5.871252e-02
  2.197700e-01   8.590686e+00   5.865677e-02
  2.225100e-01   8.573677e+00   5.860261e-02
  2.252500e-01   8.556492e+00   5.854778e-02
  2.279900e-01   8.539137e+00   5.850483e-02
  2.307300e-01   8.521639e+00   5.853662e-02
  2.334700e-01   8.503878e+00   5.814050e-02
  2.362200e-01   8.485977e+00   5.838886e-02
  2.389600e-01   8.467945e+00   5.827840e-02
  2.417000e-01   8.449737e+00   5.818956e-02
  2.444400e-01   8.431354e+00   5.812510e-02
  2.471800e-01   8.412806e+00   5.806616e-02
  2.499200e-01   8.394089e+00   5.800439e-02
  2.526600e-01   8.375202e+00   5.794066e-02
  2.554000e-01   8.356159e+00   5.787621e-02
  2.581400e-01   8.336952e+00   5.780980e-02
  2.608800e-01   8.317582e+00   5.774042e-02
  2.636200e-01   8.298058e+00   5.767364e-02
  2.663600e-01   8.278376e+00   5.760684e-02
  2.691000e-01   8.258537e+00   5.753709e-02
  2.718400e-01   8.238542e+00   5.746834e-02
  2.745800e-01   8.218394e+00   5.739824e-02
  2.773200e-01   8.198092e+00   5.732947e-02
  2.800600e-01   8.177644e+00   5.725935e-02
  2.828000e-01   8.157048e+00   5.719020e-02
  2.855400e-01   8.136301e+00   5.711777e-02
  2.882800e-01   8.115404e+00   5.704337e-02
  2.910200e-01   8.094365e+00   5.696862e-02
  2.937600e-01   8.073182e+00   5.689384e-02
  2.965000e-01   8.051856e+00   5.681906e-02
  2.992400e-01   8.030392e+00   5.674427e-02
  3.019800e-01   8.008790e+00   5.666912e-02
  3.047200e-01   7.987046e+00   5.659201e-02
  3.074600e-01   7.965167e+00   5.651160e-02
  3.102000e-01   7.943151e+00   5.643217e-02
  3.129400e-01   7.920999e+00   5.635139e-02
  3.156800e-01   7.898717e+00   5.627284e-02
  3.184200e-01   7.876315e+00   5.620661e-02
  3.211600e-01   7.853821e+00   5.619904e-02
  3.239000e-01   7.831040e+00   5.572558e-02
  3.266500e-01   7.808334e+00   5.634992e-02
  3.293800e-01   7.785399e+00   5.560122e-02
  3.321300e-01   7.762317e+00   5.583179e-02
  3.348700e-01   7.739161e+00   5.572187e-02
  3.376100e-01   7.715888e+00   5.561416e-02
  3.403500e-01   7.692482e+00   5.552391e-02
  3.430900e-01   7.668963e+00   5.543310e-02
  3.458300e-01   7.645325e+00   5.534530e-02
  3.485700e-01   7.621571e+00   5.525909e-02
  3.513100e-01   7.597707e+00   5.517128e-02
  3.540500e-01   7.573734e+00   5.508019e-02
  3.567900e-01   7.549648e+00   5.499008e-02
  3.595300e-01   7.525453e+00   5.489859e-02
  3.622700e-01   7.501154e+00   5.480810e-02
  3.650100e-01   7.476750e+00   5.471468e-02
  3.677500e-01   7.452240e+00   5.462123e-02
  3.704900e-01   7.427628e+00   5.453037e-02
  3.732300e-01   7.402915e+00   5.443655e-02
  3.759700e-01   7.378100e+00   5.434078e-02
  3.787100e-01   7.353193e+00   5.424466e-02
  3.814500e-01   7.328188e+00   5.414850e-02
  3.841900e-01   7.303087e+00   5.405198e-02
  3.869300e-01   7.277896e+00   5.395353e-02
  3.896700e-01   7.252614e+00   5.385212e-02
  3.924100e-01   7.227241e+00   5.375328e-02
  3.951500e-01   7.201780e+00   5.365443e-02
  3.978900e-01   7.176236e+00   5.355264e-02
  4.006300e-01   7.150607e+00   5.345185e-02
  4.033700e-01   7.124890e+00   5.335055e-02
  4.061100e-01   7.099101e+00   5.326354e-02
  4.088500e-01   7.073273e+00   5.322987e-02
  4.115900e-01   7.047186e+00   5.275853e-02
  4.143400e-01   7.021255e+00   5.332352e-02
  4.170700e-01   6.995132e+00   5.258463e-02
  4.198200e-01   6.968905e+00   5.277432e-02
  4.225600e-01   6.942658e+00   5.264408e-02
  4.253000e-01   6.916347e+00   5.251658e-02
  4.280400e-01   6.889951e+00   5.240742e-02
  4.307800e-01   6.863489e+00   5.230049e-02
  4.335200e-01   6.836961e+00   5.219329e-02
  4.362600e-01   6.810365e+00   5.208414e-02
  4.390000e-01   6.783705e+00   5.197168e-02
  4.417400e-01   6.756986e+00   5.186013e-02
  4.444800e-01   6.730399e+00   5.379155e-02
  4.472200e-01   6.705765e+00   6.927754e-02
  4.499600e-01   6.685915e+00   9.180701e-02
  4.526990e-01   6.683576e+00   1.612614e-01
  4.527000e-01   6.671768e+00   9.491422e-02
  4.554400e-01   6.617252e+00   8.466998e-02
  4.581800e-01   6.570072e+00   8.779586e-02
  4.609200e-01   6.496397e+00   7.611541e-02
  4.636600e-01   6.489700e+00   1.335585e-01
  4.636610e-01   6.526922e+00   6.226965e-02
  4.664000e-01   6.550108e+00   1.079937e-01
  4.664010e-01   6.546094e+00   5.697822e-02
  4.691400e-01   6.541612e+00   1.058147e-01
  4.691410e-01   6.514050e+00   5.657948e-02
  4.718800e-01   6.495231e+00   1.061359e-01
  4.718810e-01   6.468148e+00   5.677602e-02
  4.746200e-01   6.449901e+00   1.066198e-01
  4.746220e-01   6.477260e+00   5.697495e-02
  4.773600e-01   6.497769e+00   1.069363e-01
  4.773620e-01   6.431542e+00   5.647395e-02
  4.801000e-01   6.382622e+00   1.049707e-01
  4.801020e-01   6.353044e+00   6.944580e-02
  4.828430e-01   6.269458e+00   1.052572e-01
  4.855830e-01   6.288015e+00   1.628143e-01
  4.883230e-01   6.402046e+00   1.724171e-01
  4.910640e-01   6.316488e+00   1.718858e-01
  4.938040e-01   6.133081e+00   1.698506e-01
  4.965440e-01   6.135435e+00   1.688279e-01
  4.992850e-01   6.141887e+00   1.693498e-01
  5.020250e-01   6.078629e+00   1.685364e-01
  5.047650e-01   6.175300e+00   1.685635e-01
  5.075050e-01   6.298238e+00   1.696686e-01
  5.102460e-01   6.397081e+00   1.705141e-01
  5.129860e-01   6.215256e+00   1.696875e-01
  5.157260e-01   6.114523e+00   1.680209e-01
  5.184670e-01   6.047880e+00   1.683164e-01
  5.212070e-01   5.964818e+00   1.677253e-01
  5.239470e-01   5.964212e+00   1.672348e-01
  5.266880e-01   5.974936e+00   1.667313e-01
  5.294280e-01   5.978131e+00   1.666200e-01
  5.321680e-01   5.947112e+00   1.657019e-01
  5.349090e-01   5.927303e+00   1.651656e-01
  5.376490e-01   5.915819e+00   1.659247e-01
  5.403890e-01   5.901874e+00   1.659064e-01
  5.431290e-01   5.896998e+00   1.652018e-01
  5.458700e-01   5.902295e+00   1.649966e-01
  5.486100e-01   5.790528e+00   1.645066e-01
  5.513500e-01   5.675265e+00   1.636402e-01
  5.540910e-01   5.661092e+00   1.634559e-01
  5.568310e-01   5.851286e+00   1.649508e-01
  5.595710e-01   5.859814e+00   1.642276e-01
  5.623120e-01   5.703533e+00   1.615270e-01
  5.650520e-01   5.632164e+00   1.608884e-01
  5.677920e-01   5.549384e+00   1.603760e-01
  5.705330e-01   5.519040e+00   1.605637e-01
  5.732730e-01   5.561440e+00   1.606324e-01
  5.760130e-01   5.455124e+00   1.596630e-01
  5.787540e-01   5.364481e+00   1.590040e-01
  5.814940e-01   5.370487e+00   1.589923e-01
  5.842340e-01   5.441805e+00   1.588017e-01
  5.869740e-01   5.511734e+00   1.593641e-01
  5.897150e-01   5.544692e+00   1.595325e-01
  5.924550e-01   5.489147e+00   1.597757e-01
  5.951950e-01   5.436511e+00   1.600897e-01
  5.979360e-01   5.368869e+00   1.585713e-01
  6.006760e-01   5.264650e+00   1.571090e-01
  6.034160e-01   5.231813e+00   1.560244e-01
  6.061570e-01   5.305687e+00   1.559261e-01
  6.088970e-01   5.245888e+00   1.555395e-01
  6.116370e-01   5.081615e+00   1.550162e-01
  6.143780e-01   5.052396e+00   1.548387e-01
  6.171180e-01   5.111871e+00   1.548917e-01
  6.198580e-01   5.056194e+00   1.543414e-01
  6.225980e-01   5.126870e+00   1.546022e-01
  6.253390e-01   5.141756e+00   1.500050e-01
  6.280790e-01   5.081333e+00   1.318127e-01
  6.308190e-01   5.058573e+00   6.213490e-02
  6.335600e-01   5.064709e+00   5.842339e-02
  6.363000e-01   5.020551e+00   5.902095e-02
  6.390400e-01   4.954858e+00   5.823555e-02
  6.417810e-01   4.941129e+00   5.791600e-02
  6.445210e-01   4.868892e+00   5.773455e-02
  6.472610e-01   4.843552e+00   5.750607e-02
  6.500020e-01   4.875425e+00   5.797876e-02
  6.527420e-01   4.879920e+00   5.801313e-02
  6.554820e-01   4.869263e+00   5.763940e-02
  6.582220e-01   4.802102e+00   5.808988e-02
  6.609630e-01   4.773579e+00   5.727167e-02
  6.637030e-01   4.808474e+00   5.759320e-02
  6.664430e-01   4.762821e+00   5.692321e-02
  6.691840e-01   4.700014e+00   5.659966e-02
  6.719240e-01   4.691885e+00   5.684605e-02
  6.746640e-01   4.707926e+00   5.681570e-02
  6.774050e-01   4.707779e+00   5.697915e-02
  6.801450e-01   4.673313e+00   5.650735e-02
  6.828850e-01   4.689050e+00   5.696460e-02
  6.856260e-01   4.598798e+00   5.701517e-02
  6.883660e-01   4.524087e+00   5.608106e-02
  6.911060e-01   4.479547e+00   5.582862e-02
  6.938460e-01   4.523116e+00   5.594693e-02
  6.965870e-01   4.546188e+00   5.623328e-02
  6.993270e-01   4.411605e+00   5.523005e-02
  7.020670e-01   4.416759e+00   5.500143e-02
  7.048080e-01   4.394139e+00   5.505929e-02
  7.075480e-01   4.374803e+00   5.522976e-02
  7.102880e-01   4.363163e+00   5.495348e-02
  7.130290e-01   4.355035e+00   5.455227e-02
  7.157690e-01   4.344648e+00   5.483397e-02
  7.185090e-01   4.375390e+00   5.535801e-02
  7.212500e-01   4.376678e+00   5.556205e-02
  7.239900e-01   4.279747e+00   5.526376e-02
  7.267300e-01   4.238790e+00   5.478979e-02
  7.294710e-01   4.265911e+00   5.430945e-02
  7.322110e-01   4.173531e+00   5.373293e-02
  7.349510e-01   4.148081e+00   5.369784e-02
  7.376910e-01   4.187004e+00   5.378495e-02
  7.404320e-01   4.086125e+00   5.330378e-02
  7.431720e-01   4.038619e+00   5.340866e-02
  7.459120e-01   4.057619e+00   5.336245e-02
  7.486530e-01   4.104935e+00   5.357902e-02
  7.513930e-01   4.135523e+00   5.390403e-02
  7.541330e-01   4.017301e+00   5.302247e-02
  7.568740e-01   4.087039e+00   5.325634e-02
  7.596140e-01   4.079444e+00   5.322114e-02
  7.623540e-01   4.055580e+00   5.341862e-02
  7.650950e-01   3.996495e+00   5.352043e-02
  7.678350e-01   3.989560e+00   5.315333e-02
  7.705750e-01   4.006932e+00   5.288784e-02
  7.733150e-01   3.841197e+00   5.206386e-02
  7.760560e-01   3.831433e+00   5.229436e-02
  7.787960e-01   3.833867e+00   5.204793e-02
  7.815360e-01   3.833040e+00   5.183134e-02
  7.842770e-01   3.803560e+00   5.149494e-02
  7.870170e-01   3.847692e+00   5.225179e-02
  7.897570e-01   3.791668e+00   5.264944e-02
  7.924980e-01   3.760785e+00   5.206594e-02
  7.952380e-01   3.692908e+00   5.164253e-02
  7.979780e-01   3.691515e+00   6.171895e-02
  8.007190e-01   3.680543e+00   9.322335e-02
  8.034590e-01   3.656800e+00   5.532866e-02
  8.061990e-01   3.619606e+00   4.346977e-02
  8.089390e-01   3.649042e+00   4.395974e-02
  8.116800e-01   3.651594e+00   4.377469e-02
  8.144200e-01   3.628310e+00   4.385530e-02
  8.171600e-01   3.563330e+00   4.359988e-02
  8.199010e-01   3.596694e+00   4.391873e-02
  8.226410e-01   3.541925e+00   4.464563e-02
  8.253810e-01   3.539626e+00   4.451226e-02
  8.281220e-01   3.537895e+00   4.448026e-02
  8.308620e-01   3.434893e+00   4.388504e-02
  8.336020e-01   3.374848e+00   4.323681e-02
  8.363430e-01   3.378981e+00   4.418314e-02
  8.390830e-01   3.400360e+00   4.372052e-02
  8.418230e-01   3.426338e+00   4.409814e-02
  8.445630e-01   3.405146e+00   4.420648e-02
  8.473040e-01   3.382276e+00   4.404997e-02
  8.500440e-01   3.316584e+00   4.427505e-02
  8.527840e-01   3.337803e+00   4.373743e-02
  8.555250e-01   3.275381e+00   4.397748e-02
  8.582650e-01   3.319764e+00   4.427878e-02
  8.610050e-01   3.306001e+00   4.454437e-02
  8.637460e-01   3.234680e+00   4.378754e-02
  8.664860e-01   3.239317e+00   4.398936e-02
  8.692260e-01   3.242628e+00   4.415977e-02
  8.719670e-01   3.250981e+00   4.463688e-02
  8.747070e-01   3.227920e+00   4.426677e-02
  8.774470e-01   3.211658e+00   4.406679e-02
  8.801870e-01   3.139613e+00   4.401275e-02
  8.829280e-01   3.131378e+00   4.414519e-02
  8.856680e-01   3.099644e+00   4.376075e-02
  8.884080e-01   3.102660e+00   4.370177e-02
  8.911490e-01   3.102705e+00   4.391781e-02
  8.938890e-01   3.094138e+00   4.383098e-02
  8.966290e-01   3.081076e+00   4.427332e-02
  8.993700e-01   3.057613e+00   4.427371e-02
  9.021100e-01   3.012306e+00   4.372562e-02
  9.048500e-01   2.967193e+00   4.347618e-02
  9.075910e-01   2.968731e+00   4.387202e-02
  9.103310e-01   2.978761e+00   4.398131e-02
  9.130710e-01   2.967359e+00   4.394736e-02
  9.158120e-01   2.947543e+00   4.359374e-02
  9.185520e-01   2.955730e+00   4.356639e-02
  9.212920e-01   2.910710e+00   4.397932e-02
  9.240320e-01   2.889441e+00   4.355042e-02
  9.267730e-01   2.862550e+00   4.371472e-02
  9.295130e-01   2.865058e+00   4.387966e-02
  9.322530e-01   2.856071e+00   4.329938e-02
  9.349940e-01   2.865718e+00   4.350241e-02
  9.377340e-01   2.825428e+00   4.373360e-02
  9.404740e-01   2.797818e+00   4.379479e-02
  9.432150e-01   2.801123e+00   4.343865e-02
  9.459550e-01   2.740167e+00   4.307233e-02
  9.486950e-01   2.774670e+00   4.353632e-02
  9.514360e-01   2.798013e+00   4.377495e-02
  9.541760e-01   2.754997e+00   4.388025e-02
  9.569160e-01   2.679713e+00   4.381320e-02
  9.596560e-01   2.651005e+00   4.315898e-02
  9.623970e-01   2.677737e+00   4.322618e-02
  9.651370e-01   2.686763e+00   4.283764e-02
  9.678770e-01   2.739532e+00   4.340946e-02
  9.706180e-01   2.703212e+00   4.329812e-02
  9.733580e-01   2.686510e+00   4.360039e-02
  9.760980e-01   2.635615e+00   4.376257e-02
  9.788390e-01   2.617152e+00   4.327861e-02
  9.815790e-01   2.648992e+00   4.366784e-02
  9.843190e-01   2.628485e+00   4.318124e-02
  9.870600e-01   2.655180e+00   4.350544e-02
  9.898000e-01   2.625836e+00   4.356600e-02
  9.925400e-01   2.585451e+00   4.357187e-02
  9.952800e-01   2.495181e+00   4.292535e-02
  9.980210e-01   2.481170e+00   4.236001e-02
  1.000760e+00   2.528106e+00   4.275800e-02
  1.003500e+00   2.521306e+00   4.306888e-02
  1.006240e+00   2.494501e+00   4.363655e-02
  1.008980e+00   2.512706e+00   4.363332e-02
  1.011720e+00   2.474331e+00   4.331879e-02
  1.014460e+00   2.456309e+00   4.326836e-02
  1.017200e+00   2.458695e+00   4.327647e-02
  1.019940e+00   2.500230e+00   4.362814e-02
  1.022680e+00   2.476973e+00   4.341230e-02
  1.025420e+00   2.484008e+00   4.363007e-02
  1.028160e+00   2.443343e+00   4.349091e-02
  1.030900e+00   2.418823e+00   4.272668e-02
  1.033640e+00   2.405356e+00   4.304990e-02
  1.036390e+00   2.351738e+00   4.297840e-02
  1.039130e+00   2.298775e+00   4.254535e-02
  1.041870e+00   2.281988e+00   4.276269e-02
  1.044610e+00   2.284064e+00   4.279752e-02
  1.047350e+00   2.344100e+00   4.342039e-02
  1.050090e+00   2.358726e+00   4.259711e-02
  1.052830e+00   2.353462e+00   4.296530e-02
  1.055570e+00   2.300593e+00   4.261551e-02
  1.058310e+00   2.328905e+00   4.284431e-02
  1.061050e+00   2.324915e+00   4.277717e-02
  1.063790e+00   2.263752e+00   4.246575e-02
  1.066530e+00   2.226491e+00   4.257288e-02
  1.069270e+00   2.212976e+00   4.236684e-02
  1.072010e+00   2.272953e+00   4.248529e-02
  1.074750e+00   2.228902e+00   4.252091e-02
  1.077490e+00   2.219680e+00   4.232943e-02
  1.080230e+00   2.149979e+00   4.239229e-02
  1.082970e+00   2.152437e+00   4.205711e-02
  1.085710e+00   2.144874e+00   4.195685e-02
  1.088450e+00   2.159633e+00   4.278177e-02
  1.091190e+00   2.161688e+00   4.245069e-02
  1.093930e+00   2.160928e+00   4.225388e-02
  1.096670e+00   2.152801e+00   4.195024e-02
  1.099410e+00   2.122763e+00   4.220471e-02
  1.102150e+00   2.085701e+00   4.228172e-02
  1.104890e+00   2.069290e+00   4.211671e-02
  1.107630e+00   2.083152e+00   4.198532e-02
  1.110370e+00   2.093638e+00   4.192374e-02
  1.113110e+00   2.085593e+00   4.186259e-02
  1.115850e+00   2.062198e+00   4.173839e-02
  1.118590e+00   2.025444e+00   4.164633e-02
  1.121330e+00   2.064633e+00   4.222079e-02
  1.124070e+00   2.047872e+00   4.195264e-02
  1.126820e+00   2.061481e+00   4.255631e-02
  1.129560e+00   1.982893e+00   4.192798e-02
  1.132300e+00   2.019955e+00   4.172694e-02
  1.135040e+00   1.979455e+00   4.207599e-02
  1.137780e+00   2.042973e+00   4.227576e-02
  1.140520e+00   1.988798e+00   4.168699e-02
  1.143260e+00   1.968988e+00   4.151828e-02
  1.146000e+00   1.924611e+00   4.169109e-02
  1.148740e+00   1.953433e+00   4.212432e-02
  1.151480e+00   1.928891e+00   4.193162e-02
  1.154220e+00   1.955766e+00   4.153573e-02
  1.156960e+00   1.965218e+00   4.160987e-02
  1.159700e+00   1.905565e+00   4.152682e-02
  1.162440e+00   1.901607e+00   4.155562e-02
  1.165180e+00   1.882208e+00   4.174061e-02
  1.167920e+00   1.796289e+00   4.110870e-02
  1.170660e+00   1.799717e+00   4.161846e-02
  1.173400e+00   1.803207e+00   4.150771e-02
  1.176140e+00   1.794182e+00   4.130191e-02
  1.178880e+00   1.832532e+00   4.138171e-02
  1.181620e+00   1.760799e+00   4.089682e-02
  1.184360e+00   1.869260e+00   4.186557e-02
  1.187100e+00   1.877253e+00   4.190290e-02
  1.189840e+00   1.812491e+00   4.157072e-02
  1.192580e+00   1.805629e+00   4.129908e-02
  1.195320e+00   1.800237e+00   4.088603e-02
  1.198060e+00   1.800903e+00   4.143266e-02
  1.200800e+00   1.790042e+00   4.120122e-02
  1.203540e+00   1.772188e+00   4.125807e-02
  1.206280e+00   1.782300e+00   4.116699e-02
  1.209020e+00   1.788190e+00   4.083195e-02
  1.211760e+00   1.773831e+00   4.060572e-02
  1.214510e+00   1.779666e+00   4.106875e-02
  1.217250e+00   1.777458e+00   4.147253e-02
  1.219990e+00   1.743710e+00   4.131049e-02
  1.222730e+00   1.728709e+00   4.105976e-02
  1.225470e+00   1.732976e+00   4.131845e-02
  1.228210e+00   1.670623e+00   4.124299e-02
  1.230950e+00   1.651909e+00   4.423796e-02
  1.233690e+00   1.708454e+00   6.973848e-02
  1.236430e+00   1.695203e+00   3.437697e-02
  1.241910e+00   1.698043e+00   5.864399e-02
  1.244650e+00   1.690682e+00   4.969286e-02
  1.247390e+00   1.732936e+00   5.005997e-02
  1.250130e+00   1.756662e+00   5.134215e-02
  1.252870e+00   1.674464e+00   5.136020e-02
  1.255610e+00   1.630468e+00   5.196663e-02
  1.258350e+00   1.671070e+00   5.215541e-02
  1.261090e+00   1.648227e+00   5.214706e-02
  1.263830e+00   1.662844e+00   5.339295e-02
  1.266570e+00   1.714531e+00   5.002586e-02
  1.269310e+00   1.676817e+00   4.791066e-02
  1.272050e+00   1.665775e+00   4.690013e-02
  1.274790e+00   1.599749e+00   4.534798e-02
  1.277530e+00   1.576513e+00   4.433657e-02
  1.280270e+00   1.635487e+00   4.434700e-02
  1.283010e+00   1.636532e+00   4.353271e-02
  1.285750e+00   1.604262e+00   4.291727e-02
  1.288490e+00   1.576983e+00   4.292261e-02
  1.291230e+00   1.588702e+00   4.276847e-02
  1.293970e+00   1.583694e+00   4.253924e-02
  1.296710e+00   1.571042e+00   4.258904e-02
  1.299450e+00   1.547974e+00   4.210141e-02
  1.302200e+00   1.571648e+00   4.210656e-02
  1.304940e+00   1.554158e+00   4.202229e-02
  1.307680e+00   1.501046e+00   4.139740e-02
  1.310420e+00   1.549897e+00   4.154864e-02
  1.313160e+00   1.505316e+00   4.130202e-02
  1.315900e+00   1.487293e+00   4.127232e-02
  1.318640e+00   1.517272e+00   4.123326e-02
  1.321380e+00   1.529885e+00   4.134393e-02
  1.324120e+00   1.499358e+00   4.112706e-02
  1.326860e+00   1.421834e+00   4.132363e-02
  1.329600e+00   1.437659e+00   4.150053e-02
  1.332340e+00   1.438705e+00   4.115105e-02
  1.335080e+00   1.466154e+00   4.110992e-02
  1.337820e+00   1.475025e+00   4.112032e-02
  1.340560e+00   1.432840e+00   4.124960e-02
  1.343300e+00   1.429810e+00   4.108599e-02
  1.346040e+00   1.404140e+00   4.120038e-02
  1.348780e+00   1.399851e+00   4.122693e-02
  1.351520e+00   1.417414e+00   4.148770e-02
  1.354260e+00   1.465604e+00   4.085443e-02
  1.357000e+00   1.403666e+00   4.072556e-02
  1.359740e+00   1.372847e+00   4.071191e-02
  1.362480e+00   1.380848e+00   4.089143e-02
  1.365220e+00   1.372681e+00   4.092237e-02
  1.367960e+00   1.340644e+00   4.098273e-02
  1.370700e+00   1.319329e+00   4.030263e-02
  1.373440e+00   1.351889e+00   4.045969e-02
  1.376180e+00   1.350654e+00   4.075125e-02
  1.378920e+00   1.336668e+00   4.074161e-02
  1.381660e+00   1.296682e+00   4.039603e-02
  1.384400e+00   1.378077e+00   4.066688e-02
  1.387140e+00   1.386868e+00   4.092756e-02
  1.389880e+00   1.380812e+00   4.092676e-02
  1.392630e+00   1.364237e+00   4.065651e-02
  1.395370e+00   1.331741e+00   4.024298e-02
  1.398110e+00   1.316318e+00   4.026559e-02
  1.400850e+00   1.310758e+00   4.086162e-02
  1.403590e+00   1.268870e+00   4.039471e-02
  1.406330e+00   1.325173e+00   4.051292e-02
  1.409070e+00   1.276924e+00   3.998690e-02
  1.411810e+00   1.284751e+00   4.018691e-02
  1.414550e+00   1.326601e+00   4.040088e-02
  1.417290e+00   1.309867e+00   4.071061e-02
  1.420030e+00   1.281203e+00   3.991371e-02
  1.422770e+00   1.256938e+00   3.999217e-02
  1.425510e+00   1.273838e+00   4.011665e-02
  1.428250e+00   1.273941e+00   4.013247e-02
  1.430990e+00   1.249009e+00   3.999214e-02
  1.433730e+00   1.230841e+00   4.009382e-02
  1.436470e+00   1.265315e+00   4.003321e-02
  1.439210e+00   1.293772e+00   4.071423e-02
  1.441950e+00   1.291002e+00   4.030547e-02
  1.444690e+00   1.219513e+00   3.988015e-02
  1.447430e+00   1.195779e+00   3.919039e-02
  1.450170e+00   1.194040e+00   3.956644e-02
  1.452910e+00   1.162307e+00   3.985990e-02
  1.455650e+00   1.174996e+00   4.006464e-02
  1.458390e+00   1.215676e+00   3.979155e-02
  1.461130e+00   1.222710e+00   3.984551e-02
  1.463870e+00   1.259948e+00   4.028345e-02
  1.466610e+00   1.179919e+00   3.979509e-02
  1.469350e+00   1.230282e+00   4.012305e-02
  1.472090e+00   1.203484e+00   4.018290e-02
  1.474830e+00   1.196552e+00   3.985635e-02
  1.477570e+00   1.197059e+00   3.964874e-02
  1.480320e+00   1.172332e+00   3.958032e-02
  1.483060e+00   1.137297e+00   3.920130e-02
  1.485800e+00   1.182729e+00   3.905203e-02
  1.488540e+00   1.153633e+00   3.943689e-02
  1.491280e+00   1.179869e+00   3.942303e-02
  1.494020e+00   1.158156e+00   3.896275e-02
  1.496760e+00   1.179019e+00   3.908217e-02
  1.499500e+00   1.145048e+00   3.909389e-02
  1.502240e+00   1.155051e+00   3.877139e-02
  1.504980e+00   1.154414e+00   3.830927e-02
  1.507720e+00   1.119966e+00   3.883474e-02
  1.510460e+00   1.154187e+00   3.879950e-02
  1.513200e+00   1.131588e+00   3.883149e-02
  1.515940e+00   1.089575e+00   3.889435e-02
  1.518680e+00   1.086685e+00   3.848720e-02
  1.521420e+00   1.102427e+00   3.868365e-02
  1.524160e+00   1.146360e+00   3.886734e-02
  1.526900e+00   1.108583e+00   3.886066e-02
  1.529640e+00   1.089514e+00   3.860218e-02
  1.532380e+00   1.119914e+00   3.885697e-02
  1.535120e+00   1.101888e+00   3.949011e-02
  1.537860e+00   1.111516e+00   3.930712e-02
  1.540600e+00   1.085434e+00   3.886981e-02
  1.543340e+00   1.062311e+00   3.884657e-02
  1.546080e+00   1.093926e+00   3.891213e-02
  1.548820e+00   1.137140e+00   3.883701e-02
  1.551560e+00   1.160105e+00   3.900014e-02
  1.554300e+00   1.106051e+00   3.891374e-02
  1.557040e+00   1.107375e+00   3.902759e-02
  1.559780e+00   1.102897e+00   3.857330e-02
  1.562520e+00   1.119370e+00   3.860983e-02
  1.565260e+00   1.083965e+00   3.859132e-02
  1.568010e+00   1.107830e+00   3.904102e-02
  1.570750e+00   1.034968e+00   3.884229e-02
  1.573490e+00   1.010276e+00   3.861853e-02
  1.576230e+00   1.044602e+00   3.905401e-02
  1.578970e+00   1.041517e+00   3.837113e-02
  1.581710e+00   1.046479e+00   3.867479e-02
  1.584450e+00   1.014250e+00   3.883314e-02
  1.587190e+00   1.007129e+00   3.850643e-02
  1.589930e+00   1.019062e+00   3.836405e-02
  1.592670e+00   9.959661e-01   3.829385e-02
  1.595410e+00   1.017981e+00   3.793296e-02
  1.598150e+00   1.010871e+00   3.780140e-02
  1.600890e+00   9.739423e-01   3.802514e-02
  1.603630e+00   9.978428e-01   3.886636e-02
  1.606370e+00   1.006027e+00   3.871046e-02
  1.609110e+00   1.060664e+00   3.831628e-02
  1.611850e+00   1.045519e+00   3.860067e-02
  1.614590e+00   9.908287e-01   3.849423e-02
  1.617330e+00   9.740441e-01   3.827294e-02
  1.620070e+00   9.571539e-01   3.837840e-02
  1.622810e+00   9.933198e-01   3.866894e-02
  1.625550e+00   9.508779e-01   3.835997e-02
  1.628290e+00   9.330028e-01   3.823370e-02
  1.631030e+00   9.607066e-01   3.839125e-02
  1.633770e+00   9.349367e-01   3.804606e-02
  1.636510e+00   9.584373e-01   3.842653e-02
  1.639250e+00   9.269545e-01   3.816386e-02
  1.641990e+00   8.913130e-01   3.814315e-02
  1.644730e+00   9.917877e-01   3.810978e-02
  1.647470e+00   9.884729e-01   3.839262e-02
  1.650210e+00   9.681346e-01   3.815814e-02
  1.652950e+00   9.379797e-01   3.827984e-02
  1.655690e+00   9.562039e-01   3.795492e-02
  1.658440e+00   9.239547e-01   3.792694e-02
  1.661180e+00   9.317312e-01   3.825322e-02
  1.663920e+00   9.367198e-01   3.816342e-02
  1.666660e+00   8.819787e-01   3.809688e-02
  1.669400e+00   8.893121e-01   3.828074e-02
  1.672140e+00   8.719873e-01   3.832939e-02
  1.674880e+00   8.885329e-01   3.840517e-02
  1.677620e+00   8.984108e-01   3.807622e-02
  1.680360e+00   9.017086e-01   3.767051e-02
  1.683100e+00   8.417919e-01   3.803964e-02
  1.685840e+00   8.853146e-01   3.775492e-02
  1.688580e+00   9.021607e-01   3.803457e-02
  1.691320e+00   9.053896e-01   3.780867e-02
  1.694060e+00   8.766536e-01   3.840187e-02
  1.696800e+00   8.788003e-01   3.826545e-02
  1.699540e+00   8.651893e-01   3.823472e-02
  1.702280e+00   8.978097e-01   3.822260e-02
  1.705020e+00   8.749673e-01   3.808014e-02
  1.707760e+00   8.692182e-01   3.756486e-02
  1.710500e+00   8.930079e-01   3.787082e-02
  1.713240e+00   8.354543e-01   3.773969e-02
  1.715980e+00   8.385731e-01   3.734320e-02
  1.718720e+00   8.908571e-01   3.784093e-02
  1.721460e+00   8.719312e-01   3.779122e-02
  1.724200e+00   8.391557e-01   3.770267e-02
  1.726940e+00   8.540799e-01   3.768491e-02
  1.729680e+00   8.543849e-01   3.778075e-02
  1.732420e+00   9.020225e-01   3.796907e-02
  1.735160e+00   8.462746e-01   3.824053e-02
  1.737900e+00   8.538655e-01   3.736604e-02
  1.740640e+00   8.231057e-01   3.756742e-02
  1.743380e+00   8.255535e-01   3.765218e-02
  1.746130e+00   8.400284e-01   3.782448e-02
  1.748870e+00   8.430354e-01   3.772486e-02
  1.751610e+00   8.144534e-01   3.781019e-02
  1.754350e+00   7.942851e-01   3.771779e-02
  1.757090e+00   8.177873e-01   3.774977e-02
  1.759830e+00   8.040971e-01   3.755783e-02
  1.762570e+00   8.027343e-01   3.811087e-02
  1.765310e+00   8.311784e-01   3.800237e-02
  1.768050e+00   8.095990e-01   3.774087e-02
  1.770790e+00   7.833068e-01   3.756015e-02
  1.773530e+00   8.222120e-01   3.803239e-02
  1.776270e+00   7.936725e-01   3.786376e-02
  1.779010e+00   7.829320e-01   3.768816e-02
  1.781750e+00   7.735566e-01   3.769076e-02
  1.784490e+00   7.918249e-01   3.729053e-02
  1.787230e+00   7.826555e-01   3.753695e-02
  1.789970e+00   7.796871e-01   3.770517e-02
  1.792710e+00   7.957061e-01   3.793759e-02
  1.795450e+00   8.258034e-01   3.803862e-02
  1.798190e+00   7.843989e-01   3.818613e-02
  1.800930e+00   7.850502e-01   3.763236e-02
  1.803670e+00   7.384535e-01   3.763198e-02
  1.806410e+00   7.833072e-01   3.791055e-02
  1.809150e+00   7.749237e-01   3.750792e-02
  1.811890e+00   7.482774e-01   3.735268e-02
  1.814630e+00   7.649518e-01   3.763401e-02
  1.817370e+00   7.482236e-01   3.751527e-02
  1.820110e+00   7.523374e-01   3.754934e-02
  1.822850e+00   7.361647e-01   3.713410e-02
  1.825590e+00   7.030413e-01   3.714168e-02
  1.828330e+00   7.011163e-01   3.728963e-02
  1.831070e+00   7.650696e-01   3.743325e-02
  1.833810e+00   7.210823e-01   3.718064e-02
  1.836560e+00   7.168628e-01   3.720666e-02
  1.839300e+00   7.282574e-01   3.759500e-02
  1.842040e+00   7.317523e-01   3.800106e-02
  1.844780e+00   7.832671e-01   3.738734e-02
  1.847520e+00   7.890693e-01   3.722799e-02
  1.850260e+00   7.638058e-01   3.738992e-02
  1.853000e+00   6.993538e-01   3.742130e-02
  1.855740e+00   7.203667e-01   3.737527e-02
  1.858480e+00   7.161625e-01   3.708212e-02
  1.861220e+00   7.779724e-01   3.763800e-02
  1.863960e+00   7.136792e-01   3.730431e-02
  1.866700e+00   7.429610e-01   3.717200e-02
  1.869440e+00   6.997696e-01   3.707199e-02
  1.872180e+00   6.621966e-01   3.731329e-02
  1.874920e+00   7.172919e-01   3.740171e-02
  1.877660e+00   6.987123e-01   3.708995e-02
  1.880400e+00   7.357423e-01   3.717027e-02
  1.883140e+00   7.009323e-01   3.681344e-02
  1.885880e+00   7.035087e-01   3.702702e-02
  1.888620e+00   7.204271e-01   3.701870e-02
  1.891360e+00   7.235410e-01   3.736979e-02
  1.894100e+00   7.039934e-01   3.713469e-02
  1.896840e+00   7.381884e-01   3.688087e-02
  1.899580e+00   7.176545e-01   3.637962e-02
  1.902320e+00   6.932924e-01   3.646376e-02
  1.905060e+00   7.197459e-01   3.643356e-02
  1.907800e+00   6.937634e-01   3.665387e-02
  1.910540e+00   7.242149e-01   3.706141e-02
  1.913280e+00   6.775435e-01   3.700970e-02
  1.916020e+00   7.038911e-01   3.693860e-02
  1.918760e+00   6.865802e-01   3.708460e-02
  1.921500e+00   7.127163e-01   3.710420e-02
  1.924250e+00   6.880023e-01   3.699088e-02
  1.926990e+00   6.750783e-01   3.672752e-02
  1.929730e+00   7.298245e-01   3.718381e-02
  1.932470e+00   6.760582e-01   3.730065e-02
  1.935210e+00   6.426983e-01   3.684324e-02
  1.937950e+00   6.607999e-01   3.697710e-02
  1.940690e+00   6.783911e-01   3.699931e-02
  1.943430e+00   6.908629e-01   3.710420e-02
  1.946170e+00   6.705016e-01   3.711418e-02
  1.948910e+00   6.610275e-01   3.678662e-02
  1.951650e+00   6.813757e-01   3.718554e-02
  1.954390e+00   6.540456e-01   3.722020e-02
  1.957130e+00   6.725256e-01   3.723716e-02
  1.959870e+00   6.472699e-01   3.707658e-02
  1.962610e+00   6.490605e-01   3.661082e-02
  1.965350e+00   6.687316e-01   3.699719e-02
  1.968090e+00   6.691587e-01   3.716151e-02
  1.970830e+00   6.375727e-01   3.709316e-02
  1.973570e+00   6.371421e-01   3.702900e-02
  1.976310e+00   6.276372e-01   3.738575e-02
  1.979050e+00   6.462302e-01   3.698726e-02
  1.981790e+00   6.377845e-01   3.692161e-02
  1.984530e+00   6.426202e-01   3.714012e-02
  1.987270e+00   6.510199e-01   3.693494e-02
  1.990010e+00   6.351474e-01   3.673866e-02
  1.992750e+00   6.804701e-01   3.691376e-02
  1.995490e+00   6.647435e-01   3.688235e-02
  1.998230e+00   6.589692e-01   3.647594e-02
  2.000970e+00   6.544246e-01   3.650024e-02
  2.003710e+00   6.419771e-01   3.681695e-02
  2.006450e+00   6.315870e-01   3.688787e-02
  2.009190e+00   5.903722e-01   3.720767e-02
  2.011940e+00   5.982021e-01   3.725880e-02
  2.014680e+00   5.846282e-01   3.694257e-02
  2.017420e+00   5.542395e-01   3.672526e-02
  2.020160e+00   6.477521e-01   3.685783e-02
  2.022900e+00   6.215162e-01   3.662873e-02
  2.025640e+00   6.266858e-01   3.689294e-02
  2.028380e+00   6.094541e-01   3.714931e-02
  2.031120e+00   6.219165e-01   3.699691e-02
  2.033860e+00   5.866608e-01   3.682062e-02
  2.036600e+00   5.790651e-01   3.655372e-02
  2.039340e+00   5.461142e-01   3.634200e-02
  2.042080e+00   5.383068e-01   3.668146e-02
  2.044820e+00   5.482860e-01   3.627465e-02
  2.047560e+00   5.732288e-01   3.645408e-02
  2.050300e+00   5.765039e-01   3.637709e-02
  2.053040e+00   6.204522e-01   3.693687e-02
  2.055780e+00   5.812498e-01   3.652047e-02
  2.058520e+00   5.888491e-01   3.661906e-02
  2.061260e+00   5.924451e-01   3.651734e-02
  2.064000e+00   5.603706e-01   3.666061e-02
  2.066740e+00   5.504748e-01   3.657868e-02
  2.069480e+00   5.799271e-01   3.645771e-02
  2.072220e+00   5.740179e-01   3.677959e-02
  2.074960e+00   5.637203e-01   3.686736e-02
  2.077700e+00   5.952032e-01   3.665468e-02
  2.080440e+00   5.925749e-01   3.666595e-02
  2.083180e+00   5.565492e-01   3.684732e-02
  2.085920e+00   5.546680e-01   3.679402e-02
  2.088660e+00   5.934485e-01   3.662875e-02
  2.091400e+00   5.857039e-01   3.670659e-02
  2.094140e+00   5.508976e-01   3.656518e-02
  2.096880e+00   5.513817e-01   3.667781e-02
  2.099620e+00   5.653030e-01   3.669696e-02
  2.102370e+00   5.385030e-01   3.663275e-02
  2.105110e+00   5.758871e-01   3.649883e-02
  2.107850e+00   6.027525e-01   3.676849e-02
  2.110590e+00   5.499671e-01   3.697539e-02
  2.113330e+00   5.817637e-01   3.679763e-02
  2.116070e+00   5.246437e-01   3.670042e-02
  2.118810e+00   5.169776e-01   3.665097e-02
  2.121550e+00   5.971054e-01   3.634002e-02
  2.124290e+00   5.492348e-01   3.645738e-02
  2.127030e+00   5.674253e-01   3.665343e-02
  2.129770e+00   5.463810e-01   3.674675e-02
  2.132510e+00   5.703953e-01   3.694337e-02
  2.135250e+00   5.546713e-01   3.647050e-02
  2.137990e+00   5.100575e-01   3.637247e-02
  2.140730e+00   4.915683e-01   3.632701e-02
  2.143470e+00   4.956444e-01   3.634800e-02
  2.146210e+00   5.161251e-01   3.629729e-02
  2.148950e+00   5.187584e-01   3.657617e-02
  2.151690e+00   5.423385e-01   3.656268e-02
  2.154430e+00   4.842920e-01   3.609592e-02
  2.157170e+00   5.498283e-01   3.639899e-02
  2.159910e+00   5.345108e-01   3.615592e-02
  2.162650e+00   5.164509e-01   3.641418e-02
  2.165390e+00   4.974089e-01   3.642447e-02
  2.168130e+00   5.523311e-01   3.659559e-02
  2.170870e+00   5.522277e-01   3.592308e-02
  2.173610e+00   5.774228e-01   3.637588e-02
  2.176350e+00   5.647708e-01   3.659774e-02
  2.179090e+00   5.380416e-01   3.640828e-02
  2.181830e+00   5.236389e-01   3.639256e-02
  2.184570e+00   5.234920e-01   3.660111e-02
  2.187310e+00   4.834914e-01   3.617729e-02
  2.190060e+00   4.667971e-01   3.619878e-02
  2.192800e+00   5.194745e-01   3.633032e-02
  2.195540e+00   4.985103e-01   3.609916e-02
  2.198280e+00   4.955109e-01   3.620166e-02
  2.201020e+00   4.359554e-01   3.635349e-02
  2.203760e+00   4.892997e-01   3.648809e-02
  2.206500e+00   5.078507e-01   3.622828e-02
  2.209240e+00   4.972711e-01   3.614418e-02
  2.211980e+00   5.374441e-01   3.666947e-02
  2.214720e+00   5.166187e-01   3.641027e-02
  2.217460e+00   4.904295e-01   3.573673e-02
  2.220200e+00   4.812338e-01   3.571111e-02
  2.222940e+00   5.169975e-01   3.610349e-02
  2.225680e+00   4.677244e-01   3.600009e-02
  2.228420e+00   4.788105e-01   3.615049e-02
  2.231160e+00   4.791279e-01   3.598144e-02
  2.233900e+00   5.076588e-01   3.588775e-02
  2.236640e+00   4.827847e-01   3.576600e-02
  2.239380e+00   4.754269e-01   3.605621e-02
  2.242120e+00   4.660976e-01   3.598832e-02
  2.244860e+00   4.767680e-01   3.605172e-02
  2.247600e+00   5.032687e-01   3.657045e-02
  2.250340e+00   4.702695e-01   3.608550e-02
  2.253080e+00   4.874079e-01   3.607419e-02
  2.255820e+00   5.007403e-01   3.614072e-02
  2.258560e+00   5.159652e-01   3.628195e-02
  2.261300e+00   4.809353e-01   3.615036e-02
  2.264040e+00   4.999446e-01   3.615143e-02
  2.266780e+00   5.101459e-01   3.612620e-02
  2.269520e+00   4.979108e-01   3.638902e-02
  2.272260e+00   4.808114e-01   3.610517e-02
  2.275000e+00   4.788314e-01   3.573568e-02
  2.277750e+00   4.603742e-01   3.639915e-02
  2.280490e+00   4.551141e-01   3.640629e-02
  2.283230e+00   4.771214e-01   3.639804e-02
  2.285970e+00   4.559944e-01   3.579055e-02
  2.288710e+00   4.656025e-01   3.575422e-02
  2.291450e+00   4.527207e-01   3.587852e-02
  2.294190e+00   4.529320e-01   3.613388e-02
  2.296930e+00   4.796444e-01   3.666842e-02
  2.299670e+00   4.860830e-01   3.621785e-02
  2.302410e+00   4.905253e-01   3.653338e-02
  2.305150e+00   4.956199e-01   3.640087e-02
  2.307890e+00   4.645148e-01   3.609670e-02
  2.310630e+00   4.589532e-01   3.615874e-02
  2.313370e+00   4.623339e-01   3.603572e-02
  2.316110e+00   4.513824e-01   3.588925e-02
  2.318850e+00   4.873155e-01   3.616622e-02
  2.321590e+00   4.490959e-01   3.615085e-02
  2.324330e+00   4.477659e-01   3.586067e-02
  2.327070e+00   4.465037e-01   3.596651e-02
  2.329810e+00   4.346677e-01   3.581059e-02
  2.332550e+00   4.433625e-01   3.575437e-02
  2.335290e+00   4.381285e-01   3.599735e-02
  2.338030e+00   4.736219e-01   3.579891e-02
  2.340770e+00   4.648227e-01   3.579677e-02
  2.343510e+00   4.611104e-01   3.576322e-02
  2.346250e+00   5.021268e-01   3.609002e-02
  2.348990e+00   4.966091e-01   3.644447e-02
  2.351730e+00   4.355907e-01   3.616737e-02
  2.354470e+00   4.713957e-01   3.613219e-02
  2.357210e+00   4.515065e-01   3.580802e-02
  2.359950e+00   4.430317e-01   3.610181e-02
  2.362690e+00   4.759628e-01   3.593131e-02
  2.365430e+00   4.453624e-01   3.563917e-02
  2.368180e+00   4.349474e-01   3.550712e-02
  2.370920e+00   4.550098e-01   3.543254e-02
  2.373660e+00   4.863735e-01   3.533872e-02
  2.376400e+00   4.481642e-01   3.553211e-02
  2.379140e+00   4.115261e-01   3.535523e-02
  2.381880e+00   4.192755e-01   3.564445e-02
  2.384620e+00   4.711575e-01   3.589928e-02
  2.387360e+00   4.243263e-01   3.552695e-02
  2.390100e+00   4.128090e-01   3.573026e-02
  2.392840e+00   4.392987e-01   3.586601e-02
  2.395580e+00   4.206298e-01   3.561019e-02
  2.398320e+00   3.926193e-01   3.587657e-02
  2.401060e+00   4.363959e-01   3.626541e-02
  2.403800e+00   4.191919e-01   3.598523e-02
  2.406540e+00   3.927547e-01   3.561147e-02
  2.409280e+00   4.147180e-01   3.551042e-02
  2.412020e+00   4.083206e-01   3.580742e-02
  2.414760e+00   4.285124e-01   3.574160e-02
  2.417500e+00   4.142891e-01   3.555233e-02
  2.420240e+00   4.262608e-01   3.584721e-02
  2.422980e+00   4.307075e-01   3.573023e-02
  2.425720e+00   3.923652e-01   3.563872e-02
  2.428460e+00   4.299261e-01   3.554325e-02
  2.431200e+00   4.118945e-01   3.531989e-02
  2.433940e+00   4.260994e-01   3.561251e-02
  2.436680e+00   4.235680e-01   3.547590e-02
  2.439420e+00   4.103859e-01   3.517308e-02
  2.442160e+00   4.244878e-01   3.529382e-02
  2.444900e+00   3.959196e-01   3.534626e-02
  2.447640e+00   3.970282e-01   3.541485e-02
  2.450380e+00   4.045560e-01   3.553792e-02
  2.453120e+00   3.813517e-01   3.586160e-02
  2.455870e+00   3.785877e-01   3.584985e-02
  2.458610e+00   3.887544e-01   3.559052e-02
  2.461350e+00   4.169954e-01   3.550070e-02
  2.464090e+00   4.693559e-01   3.578006e-02
  2.466830e+00   4.453145e-01   3.586174e-02
  2.469570e+00   4.085724e-01   3.569768e-02
  2.472310e+00   3.893703e-01   3.566218e-02
  2.475050e+00   4.093359e-01   3.561676e-02
  2.477790e+00   3.637554e-01   3.536695e-02
  2.480530e+00   3.679575e-01   3.583229e-02
  2.483270e+00   4.044914e-01   3.584385e-02
  2.486010e+00   4.272367e-01   3.556974e-02
  2.488750e+00   4.403068e-01   3.556135e-02
  2.491490e+00   3.962845e-01   3.539508e-02
  2.494230e+00   4.204515e-01   3.506084e-02
  2.496970e+00   4.469741e-01   3.485505e-02
  2.499710e+00   4.146855e-01   3.560513e-02
  2.502450e+00   4.369616e-01   3.605845e-02
  2.505190e+00   4.108094e-01   3.576197e-02
  2.507930e+00   3.777746e-01   3.538395e-02
  2.510670e+00   4.008221e-01   3.573911e-02
  2.513410e+00   3.893024e-01   3.581211e-02
  2.516150e+00   4.007232e-01   3.580741e-02
  2.518890e+00   3.729619e-01   3.566751e-02
  2.521630e+00   3.972593e-01   3.541028e-02
  2.524370e+00   4.026056e-01   3.568302e-02
  2.527110e+00   3.849130e-01   3.555366e-02
  2.529850e+00   3.726046e-01   3.551245e-02
  2.532590e+00   3.719044e-01   3.541117e-02
  2.535330e+00   3.866006e-01   3.539646e-02
  2.538070e+00   3.468072e-01   3.542195e-02
  2.540810e+00   4.161993e-01   3.492484e-02
  2.543560e+00   4.105567e-01   3.514331e-02
  2.546300e+00   4.103495e-01   3.530066e-02
  2.549040e+00   3.870624e-01   3.544491e-02
  2.551780e+00   3.586501e-01   3.536907e-02
  2.554520e+00   3.832692e-01   3.505961e-02
  2.557260e+00   4.031996e-01   3.515863e-02
  2.560000e+00   3.954602e-01   3.509664e-02
  2.562740e+00   4.035409e-01   3.516671e-02
  2.565480e+00   3.946817e-01   3.516625e-02
  2.568220e+00   3.417282e-01   3.517288e-02
  2.570960e+00   3.745326e-01   3.536648e-02
  2.573700e+00   4.027898e-01   3.535406e-02
  2.576440e+00   3.733911e-01   3.540584e-02
  2.579180e+00   3.280140e-01   3.559755e-02
  2.581920e+00   3.306777e-01   3.554014e-02
  2.584660e+00   3.604138e-01   3.617475e-02
  2.587400e+00   3.592914e-01   3.941771e-02
  2.590140e+00   3.420956e-01   4.174833e-02
  2.592880e+00   3.986537e-01   4.382667e-02
  2.595620e+00   3.890148e-01   4.515410e-02
  2.598360e+00   4.038579e-01   4.674899e-02
  2.601100e+00   3.787403e-01   4.806690e-02
  2.603840e+00   3.852265e-01   5.016999e-02
  2.606580e+00   3.353709e-01   5.077347e-02
  2.609320e+00   4.045709e-01   5.178703e-02
  2.612060e+00   3.993225e-01   5.318645e-02
  2.614800e+00   3.822739e-01   5.450399e-02
  2.617540e+00   3.092025e-01   5.421053e-02
  2.620280e+00   3.007931e-01   4.666033e-02
  2.623020e+00   3.526358e-01   4.331426e-02
  2.625760e+00   4.054933e-01   4.196008e-02
  2.628500e+00   3.638554e-01   4.099180e-02
  2.631240e+00   3.032579e-01   4.025143e-02
  2.633990e+00   3.432613e-01   3.997930e-02
  2.636730e+00   3.760959e-01   3.935621e-02
  2.639470e+00   3.506689e-01   3.926532e-02
  2.642210e+00   3.772805e-01   3.868747e-02
  2.644950e+00   3.545139e-01   3.847361e-02
  2.647690e+00   3.533906e-01   3.891607e-02
  2.650430e+00   3.856175e-01   3.834387e-02
  2.653170e+00   3.448264e-01   3.842255e-02
  2.655910e+00   3.482778e-01   3.824057e-02
  2.658650e+00   3.485839e-01   3.851203e-02
  2.661390e+00   3.981297e-01   3.855711e-02
  2.664130e+00   3.933913e-01   3.822881e-02
  2.666870e+00   3.842082e-01   3.782645e-02
  2.669610e+00   3.847591e-01   3.800201e-02
  2.672350e+00   3.406068e-01   3.803768e-02
  2.675090e+00   3.588198e-01   3.835223e-02
  2.677830e+00   3.462909e-01   3.815343e-02
  2.680570e+00   3.737860e-01   3.784770e-02
  2.683310e+00   4.018475e-01   3.842483e-02
  2.686050e+00   3.819407e-01   3.819542e-02
  2.688790e+00   3.799806e-01   3.754447e-02
  2.691530e+00   4.054779e-01   3.779956e-02
  2.694270e+00   4.199887e-01   3.848581e-02
  2.697010e+00   3.530588e-01   3.781067e-02
  2.699750e+00   3.106236e-01   3.795612e-02
  2.702490e+00   3.068823e-01   3.769990e-02
  2.705230e+00   3.403152e-01   3.744765e-02
  2.707970e+00   3.603137e-01   3.765056e-02
  2.710710e+00   3.403711e-01   3.759425e-02
  2.713450e+00   3.316878e-01   3.702808e-02
  2.716190e+00   3.634716e-01   3.743094e-02
  2.718930e+00   3.628949e-01   3.701202e-02
  2.721680e+00   3.780341e-01   3.703311e-02
  2.724420e+00   3.867956e-01   3.681049e-02
  2.727160e+00   3.764008e-01   3.658609e-02
  2.729900e+00   3.498230e-01   3.594038e-02
  2.732640e+00   3.513077e-01   3.611733e-02
  2.735380e+00   3.566681e-01   3.616234e-02
  2.738120e+00   3.880841e-01   3.605594e-02
  2.740860e+00   3.468219e-01   3.596229e-02
  2.743600e+00   3.486079e-01   3.528980e-02
  2.746340e+00   3.612577e-01   3.564254e-02
  2.749080e+00   3.086192e-01   3.544054e-02
  2.751820e+00   3.358000e-01   3.575381e-02
  2.754560e+00   3.493472e-01   3.574086e-02
  2.757300e+00   3.540961e-01   3.556568e-02
  2.760040e+00   3.419821e-01   3.574357e-02
  2.762780e+00   3.583325e-01   3.549535e-02
  2.765520e+00   3.554800e-01   3.589813e-02
  2.768260e+00   3.338038e-01   3.561169e-02
  2.771000e+00   3.331898e-01   3.568822e-02
  2.773740e+00   3.227041e-01   3.578998e-02
  2.776480e+00   3.240163e-01   3.568200e-02
  2.779220e+00   3.442801e-01   3.531802e-02
  2.781960e+00   3.374221e-01   3.510079e-02
  2.784700e+00   3.297571e-01   3.560542e-02
  2.787440e+00   3.387421e-01   3.574690e-02
  2.790180e+00   3.207778e-01   3.575922e-02
  2.792920e+00   3.875456e-01   3.589469e-02
  2.795660e+00   3.756590e-01   3.600477e-02
  2.798400e+00   3.437856e-01   3.564024e-02
  2.801140e+00   3.038818e-01   3.540626e-02
  2.803880e+00   3.105276e-01   3.513686e-02
  2.806620e+00   3.293852e-01   3.510953e-02
  2.809360e+00   3.800749e-01   3.510960e-02
  2.812110e+00   3.205860e-01   3.542685e-02
  2.814850e+00   3.234354e-01   3.498119e-02
  2.817590e+00   2.658862e-01   3.522541e-02
  2.820330e+00   2.992542e-01   3.566515e-02
  2.823070e+00   3.359563e-01   3.588755e-02
  2.825810e+00   3.101058e-01   3.558206e-02
  2.828550e+00   3.033988e-01   3.534949e-02
  2.831290e+00   3.055958e-01   3.526133e-02
  2.834030e+00   3.091296e-01   3.492918e-02
  2.836770e+00   3.033669e-01   3.526510e-02
  2.839510e+00   3.203141e-01   3.536671e-02
  2.842250e+00   3.573797e-01   3.548910e-02
  2.844990e+00   2.972199e-01   3.533423e-02
  2.847730e+00   3.037038e-01   3.523306e-02
  2.850470e+00   3.076055e-01   3.564086e-02
  2.853210e+00   3.189345e-01   3.535005e-02
  2.855950e+00   3.504597e-01   3.571166e-02
  2.858690e+00   3.491278e-01   3.555794e-02
  2.861430e+00   3.316895e-01   3.538764e-02
  2.864170e+00   3.111072e-01   3.488634e-02
  2.866910e+00   2.944883e-01   3.496096e-02
  2.869650e+00   2.867160e-01   3.540509e-02
  2.872390e+00   2.902755e-01   3.515500e-02
  2.875130e+00   3.088149e-01   3.527645e-02
  2.877870e+00   3.133686e-01   3.544521e-02
  2.880610e+00   2.819192e-01   3.496134e-02
  2.883350e+00   3.085365e-01   3.501990e-02
  2.886090e+00   3.340474e-01   3.552278e-02
  2.888830e+00   3.157217e-01   3.518359e-02
  2.891570e+00   2.838494e-01   3.514570e-02
  2.894310e+00   2.800932e-01   3.495954e-02
  2.897050e+00   3.156773e-01   3.512036e-02
  2.899800e+00   2.839642e-01   3.553154e-02
  2.902540e+00   2.569278e-01   3.525640e-02
  2.905280e+00   3.144263e-01   3.512403e-02
  2.908020e+00   3.254792e-01   3.512525e-02
  2.910760e+00   2.955684e-01   3.485846e-02
  2.913500e+00   2.857976e-01   3.491332e-02
  2.916240e+00   2.508778e-01   3.466938e-02
  2.918980e+00   3.049050e-01   3.492506e-02
  2.921720e+00   3.373838e-01   3.528916e-02
  2.924460e+00   3.343033e-01   3.501902e-02
  2.927200e+00   3.564003e-01   3.513452e-02
  2.929940e+00   3.351539e-01   3.526147e-02
  2.932680e+00   3.522257e-01   3.525816e-02
  2.935420e+00   2.831595e-01   3.517640e-02
  2.938160e+00   3.271754e-01   3.545828e-02
  2.940900e+00   3.052834e-01   3.517416e-02
  2.943640e+00   2.953269e-01   3.492592e-02
  2.946380e+00   3.047637e-01   3.488312e-02
  2.949120e+00   2.824416e-01   3.475064e-02
  2.951860e+00   3.286679e-01   3.494052e-02
  2.954600e+00   2.922731e-01   3.503280e-02
  2.957340e+00   2.726829e-01   3.512735e-02
  2.960080e+00   2.809395e-01   3.513647e-02
  2.962820e+00   3.119447e-01   3.515199e-02
  2.965560e+00   2.968217e-01   3.484471e-02
  2.968300e+00   3.116210e-01   3.476211e-02
  2.971040e+00   3.041407e-01   3.481741e-02
  2.973780e+00   2.999766e-01   3.520498e-02
  2.976520e+00   3.192978e-01   3.511603e-02
  2.979260e+00   2.806022e-01   3.473275e-02
  2.982000e+00   2.694202e-01   3.497943e-02
  2.984740e+00   2.768698e-01   3.523761e-02
  2.987490e+00   3.181143e-01   3.529562e-02
  2.990230e+00   3.027735e-01   3.489779e-02
  2.992970e+00   3.317396e-01   3.456214e-02
  2.995710e+00   2.749911e-01   3.498815e-02
  2.998450e+00   2.887104e-01   3.464184e-02
  3.001190e+00   3.043231e-01   3.480092e-02