#DeepConCNF_SS8: eight-class secondary structure prediction results 
#probabilities are in the order of H G I E B T S L(loops), the 8 secondary structure types used in DSSP 
   1 M L   0.000 0.000 0.000 0.000 0.000 0.000 0.000 0.999 
   2 Q L   0.001 0.003 0.000 0.006 0.012 0.009 0.001 0.969 
   3 P L   0.000 0.004 0.000 0.013 0.006 0.011 0.031 0.935 
   4 A L   0.001 0.008 0.000 0.067 0.004 0.011 0.049 0.861 
   5 S L   0.001 0.006 0.000 0.421 0.004 0.013 0.091 0.464 
   6 A E   0.000 0.001 0.000 0.897 0.003 0.002 0.013 0.084 
   7 K E   0.000 0.000 0.000 0.979 0.000 0.000 0.003 0.017 
   8 W E   0.000 0.000 0.000 0.992 0.000 0.000 0.001 0.007 
   9 Y E   0.000 0.000 0.000 0.998 0.000 0.000 0.000 0.001 
  10 D E   0.000 0.000 0.000 0.973 0.001 0.000 0.001 0.024 
  11 R L   0.000 0.000 0.000 0.324 0.004 0.001 0.012 0.660 
  12 R S   0.000 0.002 0.000 0.008 0.002 0.137 0.840 0.012 
  13 D S   0.000 0.001 0.000 0.007 0.000 0.135 0.849 0.007 
  14 Y E   0.000 0.001 0.000 0.816 0.006 0.002 0.028 0.146 
  15 V E   0.000 0.000 0.000 0.996 0.001 0.000 0.001 0.003 
  16 F E   0.000 0.000 0.000 0.998 0.000 0.000 0.000 0.002 
  17 I E   0.000 0.000 0.000 0.997 0.000 0.000 0.000 0.003 
  18 E E   0.000 0.000 0.000 0.997 0.000 0.000 0.000 0.003 
  19 F E   0.000 0.000 0.000 0.989 0.000 0.001 0.001 0.008 
  20 C E   0.000 0.000 0.000 0.880 0.004 0.001 0.008 0.106 
  21 V L   0.000 0.001 0.000 0.274 0.006 0.004 0.016 0.699 
  22 E T   0.003 0.032 0.000 0.013 0.001 0.833 0.085 0.033 
  23 D T   0.002 0.038 0.000 0.005 0.001 0.849 0.059 0.046 
  24 S L   0.004 0.055 0.000 0.036 0.014 0.039 0.058 0.794 
  25 K L   0.003 0.016 0.000 0.062 0.009 0.023 0.381 0.506 
  26 D L   0.001 0.010 0.000 0.263 0.006 0.019 0.226 0.476 
  27 V E   0.000 0.002 0.000 0.720 0.002 0.001 0.011 0.263 
  28 N E   0.001 0.000 0.000 0.977 0.001 0.001 0.007 0.014 
  29 V E   0.000 0.000 0.000 0.992 0.000 0.000 0.000 0.007 
  30 N E   0.000 0.000 0.000 0.997 0.000 0.000 0.000 0.002 
  31 F E   0.000 0.000 0.000 0.981 0.001 0.000 0.001 0.017 
  32 E E   0.000 0.001 0.000 0.735 0.004 0.003 0.017 0.241 
  33 K S   0.001 0.005 0.000 0.010 0.001 0.401 0.562 0.020 
  34 S S   0.000 0.004 0.000 0.009 0.000 0.362 0.611 0.012 
  35 K E   0.000 0.001 0.000 0.894 0.006 0.003 0.024 0.073 
  36 L E   0.000 0.000 0.000 0.994 0.000 0.000 0.001 0.004 
  37 T E   0.000 0.000 0.000 0.995 0.000 0.000 0.000 0.004 
  38 F E   0.000 0.000 0.000 0.996 0.000 0.000 0.001 0.003 
  39 S E   0.000 0.000 0.000 0.992 0.000 0.000 0.001 0.006 
  40 C E   0.000 0.000 0.000 0.990 0.000 0.001 0.001 0.008 
  41 L E   0.001 0.001 0.000 0.948 0.002 0.004 0.007 0.038 
  42 G E   0.002 0.003 0.000 0.494 0.006 0.016 0.128 0.352 
  43 G S   0.003 0.028 0.000 0.034 0.002 0.236 0.359 0.338 
  44 S T   0.005 0.063 0.000 0.008 0.004 0.331 0.313 0.275 
  45 D T   0.006 0.068 0.000 0.006 0.002 0.426 0.227 0.263 
  46 N T   0.002 0.027 0.000 0.050 0.003 0.352 0.233 0.334 
  47 F L   0.002 0.004 0.000 0.393 0.013 0.020 0.168 0.399 
  48 K E   0.001 0.001 0.000 0.714 0.003 0.002 0.029 0.251 
  49 H E   0.001 0.000 0.000 0.957 0.001 0.001 0.003 0.037 
  50 L E   0.000 0.000 0.000 0.991 0.000 0.000 0.001 0.007 
  51 N E   0.000 0.000 0.000 0.991 0.000 0.000 0.001 0.007 
  52 E E   0.000 0.000 0.000 0.986 0.000 0.001 0.002 0.011 
  53 I E   0.000 0.000 0.000 0.992 0.000 0.000 0.002 0.006 
  54 D E   0.000 0.000 0.000 0.970 0.002 0.001 0.001 0.025 
  55 L L   0.000 0.001 0.000 0.375 0.009 0.007 0.039 0.569 
  56 F S   0.000 0.002 0.000 0.069 0.007 0.009 0.635 0.278 
  57 H S   0.000 0.003 0.000 0.024 0.003 0.013 0.911 0.046 
  58 C L   0.000 0.002 0.000 0.042 0.006 0.018 0.049 0.882 
  59 I L   0.001 0.001 0.000 0.122 0.266 0.001 0.010 0.600 
  60 D L   0.000 0.001 0.000 0.068 0.016 0.004 0.021 0.890 
  61 P G   0.025 0.408 0.000 0.032 0.006 0.284 0.025 0.221 
  62 N T   0.020 0.397 0.000 0.012 0.001 0.530 0.023 0.017 
  63 D T   0.013 0.399 0.000 0.033 0.001 0.486 0.050 0.018 
  64 S E   0.002 0.008 0.000 0.629 0.008 0.009 0.029 0.314 
  65 K E   0.000 0.000 0.000 0.952 0.003 0.001 0.013 0.031 
  66 H E   0.000 0.000 0.000 0.980 0.000 0.000 0.001 0.018 
  67 K E   0.000 0.000 0.000 0.996 0.000 0.000 0.000 0.003 
  68 R E   0.000 0.000 0.000 0.989 0.000 0.000 0.000 0.010 
  69 T E   0.000 0.001 0.000 0.835 0.004 0.004 0.018 0.137 
  70 D T   0.001 0.006 0.000 0.010 0.001 0.673 0.283 0.026 
  71 R T   0.001 0.006 0.000 0.009 0.000 0.649 0.319 0.016 
  72 S E   0.000 0.001 0.000 0.905 0.007 0.004 0.025 0.058 
  73 I E   0.000 0.000 0.000 0.987 0.001 0.000 0.001 0.011 
  74 L E   0.000 0.000 0.000 0.994 0.000 0.000 0.000 0.005 
  75 C E   0.000 0.000 0.000 0.994 0.000 0.000 0.000 0.005 
  76 C E   0.000 0.000 0.000 0.988 0.000 0.000 0.001 0.010 
  77 L E   0.000 0.000 0.000 0.976 0.001 0.000 0.001 0.021 
  78 R E   0.000 0.001 0.000 0.900 0.003 0.002 0.006 0.088 
  79 K E   0.003 0.005 0.000 0.683 0.020 0.018 0.032 0.240 
  80 G S   0.001 0.008 0.000 0.045 0.002 0.079 0.450 0.414 
  81 E S   0.005 0.017 0.000 0.020 0.012 0.127 0.500 0.318 
  82 S L   0.012 0.019 0.000 0.003 0.004 0.369 0.154 0.438 
  83 G L   0.011 0.020 0.000 0.005 0.005 0.330 0.075 0.556 
  84 Q L   0.014 0.019 0.000 0.033 0.012 0.062 0.248 0.613 
  85 S L   0.037 0.025 0.000 0.121 0.101 0.038 0.106 0.573 
  86 W L   0.051 0.042 0.000 0.083 0.022 0.027 0.040 0.735 
  87 P L   0.176 0.111 0.000 0.045 0.003 0.280 0.098 0.286 
  88 R H   0.262 0.106 0.000 0.112 0.009 0.235 0.098 0.178 
  89 L H   0.318 0.085 0.001 0.222 0.023 0.057 0.134 0.160 
  90 T H   0.341 0.046 0.000 0.305 0.042 0.083 0.058 0.125 
  91 K H   0.348 0.050 0.000 0.279 0.024 0.155 0.053 0.092 
  92 E H   0.301 0.060 0.000 0.156 0.006 0.218 0.144 0.114 
  93 R L   0.249 0.069 0.000 0.092 0.014 0.140 0.140 0.295 
  94 A L   0.179 0.068 0.000 0.065 0.016 0.050 0.102 0.519 
  95 K L   0.143 0.078 0.000 0.066 0.026 0.054 0.129 0.504 
  96 L L   0.111 0.110 0.000 0.054 0.020 0.112 0.051 0.543 
  97 N L   0.064 0.131 0.000 0.046 0.003 0.211 0.247 0.298 
  98 W L   0.057 0.119 0.000 0.221 0.015 0.164 0.189 0.234 
  99 L E   0.038 0.061 0.000 0.389 0.052 0.026 0.100 0.334 
 100 S L   0.015 0.010 0.000 0.388 0.035 0.015 0.037 0.500 
 101 V L   0.007 0.003 0.000 0.281 0.023 0.018 0.183 0.485 
 102 D L   0.003 0.004 0.000 0.169 0.021 0.009 0.030 0.763 
 103 F G   0.019 0.421 0.000 0.008 0.001 0.234 0.030 0.285 
 104 N G   0.017 0.441 0.000 0.002 0.001 0.314 0.068 0.157 
 105 N G   0.016 0.435 0.000 0.003 0.003 0.168 0.078 0.296 
 106 W L   0.009 0.015 0.000 0.021 0.015 0.012 0.052 0.876 
 107 K L   0.004 0.003 0.000 0.034 0.025 0.003 0.037 0.893 
 108 D L   0.004 0.007 0.000 0.026 0.012 0.020 0.034 0.897 
 109 W L   0.007 0.017 0.000 0.003 0.002 0.049 0.040 0.883 
 110 E L   0.005 0.011 0.000 0.001 0.001 0.024 0.022 0.936 
 111 D L   0.003 0.007 0.000 0.001 0.001 0.010 0.013 0.966 
 112 D L   0.003 0.004 0.000 0.001 0.001 0.013 0.014 0.964 
 113 S L   0.003 0.004 0.000 0.003 0.001 0.015 0.016 0.958 
 114 D L   0.005 0.003 0.000 0.003 0.001 0.011 0.017 0.960 
 115 E L   0.006 0.003 0.000 0.002 0.001 0.011 0.016 0.961 
 116 D L   0.005 0.002 0.000 0.001 0.001 0.007 0.008 0.976 
 117 M L   0.006 0.002 0.000 0.001 0.001 0.004 0.009 0.977 
 118 S L   0.013 0.002 0.000 0.001 0.001 0.006 0.013 0.964 
 119 N L   0.037 0.003 0.000 0.001 0.001 0.009 0.014 0.935 
 120 F L   0.303 0.005 0.000 0.004 0.003 0.023 0.015 0.647 
 121 D L   0.401 0.005 0.000 0.002 0.002 0.030 0.017 0.544 
 122 R H   0.549 0.006 0.000 0.001 0.002 0.013 0.019 0.410 
 123 F H   0.934 0.008 0.000 0.001 0.000 0.012 0.007 0.038 
 124 S H   0.950 0.010 0.000 0.001 0.000 0.011 0.004 0.023 
 125 E H   0.960 0.010 0.000 0.001 0.000 0.008 0.003 0.017 
 126 M H   0.964 0.007 0.000 0.002 0.000 0.007 0.003 0.016 
 127 M H   0.939 0.007 0.000 0.002 0.000 0.025 0.005 0.022 
 128 N H   0.838 0.007 0.000 0.002 0.001 0.089 0.008 0.056 
 129 N H   0.613 0.007 0.000 0.003 0.003 0.131 0.022 0.221 
 130 M L   0.132 0.006 0.000 0.002 0.002 0.220 0.034 0.604 
 131 G L   0.028 0.009 0.000 0.001 0.002 0.139 0.024 0.798 
 132 G L   0.012 0.010 0.000 0.001 0.002 0.025 0.031 0.918 
 133 D L   0.011 0.016 0.000 0.002 0.001 0.044 0.033 0.893 
 134 E L   0.008 0.016 0.000 0.003 0.002 0.049 0.049 0.874 
 135 D L   0.003 0.009 0.000 0.002 0.001 0.012 0.018 0.954 
 136 V L   0.003 0.006 0.000 0.003 0.002 0.011 0.024 0.951 
 137 D L   0.001 0.003 0.000 0.002 0.001 0.006 0.022 0.965 
 138 L L   0.001 0.002 0.000 0.002 0.001 0.003 0.012 0.980 
 139 P L   0.001 0.002 0.000 0.002 0.001 0.004 0.006 0.984 
 140 E L   0.001 0.002 0.000 0.002 0.001 0.004 0.004 0.986 
 141 V L   0.001 0.001 0.000 0.002 0.001 0.002 0.005 0.988 
 142 D L   0.001 0.001 0.000 0.001 0.001 0.002 0.003 0.991 
 143 G L   0.001 0.001 0.000 0.001 0.000 0.002 0.003 0.991 
 144 A L   0.001 0.001 0.000 0.001 0.000 0.002 0.003 0.992 
 145 D L   0.001 0.001 0.000 0.001 0.000 0.001 0.002 0.993 
 146 D L   0.001 0.001 0.000 0.001 0.000 0.001 0.002 0.993 
 147 D L   0.001 0.001 0.000 0.001 0.000 0.001 0.002 0.993 
 148 S L   0.001 0.001 0.000 0.001 0.000 0.001 0.002 0.993 
 149 Q L   0.001 0.001 0.000 0.002 0.000 0.002 0.003 0.991 
 150 D L   0.001 0.001 0.000 0.002 0.000 0.001 0.003 0.992 
 151 S L   0.001 0.001 0.000 0.003 0.001 0.002 0.003 0.990 
 152 D L   0.001 0.001 0.000 0.002 0.001 0.002 0.004 0.989 
 153 D L   0.001 0.001 0.000 0.001 0.000 0.002 0.005 0.989 
 154 E L   0.001 0.001 0.000 0.001 0.001 0.004 0.005 0.987 
 155 K L   0.001 0.001 0.000 0.002 0.001 0.004 0.008 0.984 
 156 M L   0.001 0.002 0.000 0.001 0.001 0.004 0.010 0.981 
 157 P L   0.001 0.002 0.000 0.002 0.001 0.006 0.006 0.982 
 158 D L   0.001 0.002 0.000 0.002 0.001 0.007 0.011 0.975 
 159 L L   0.001 0.001 0.000 0.003 0.002 0.004 0.000 0.989 
 160 E L   0.000 0.000 0.000 0.000 0.000 0.000 0.000 1.000 
