#DeepConCNF_SS8: eight-class secondary structure prediction results 
#probabilities are in the order of H G I E B T S L(loops), the 8 secondary structure types used in DSSP 
   1 R L   0.000 0.000 0.000 0.000 0.000 0.000 0.000 0.999 
   2 P L   0.001 0.002 0.000 0.004 0.005 0.003 0.000 0.985 
   3 R L   0.003 0.006 0.000 0.007 0.007 0.014 0.039 0.924 
   4 T L   0.003 0.009 0.000 0.007 0.005 0.021 0.053 0.901 
   5 A L   0.004 0.007 0.000 0.007 0.009 0.019 0.096 0.859 
   6 F L   0.003 0.002 0.000 0.004 0.010 0.006 0.084 0.892 
   7 S L   0.008 0.000 0.000 0.001 0.002 0.002 0.011 0.975 
   8 S H   0.967 0.002 0.000 0.000 0.000 0.009 0.006 0.016 
   9 E H   0.982 0.002 0.000 0.000 0.000 0.006 0.002 0.007 
  10 Q H   0.990 0.003 0.000 0.000 0.000 0.003 0.001 0.004 
  11 L H   0.992 0.001 0.000 0.000 0.000 0.003 0.000 0.004 
  12 A H   0.996 0.000 0.000 0.000 0.000 0.001 0.000 0.002 
  13 R H   0.997 0.000 0.000 0.000 0.000 0.001 0.000 0.002 
  14 L H   0.995 0.000 0.000 0.000 0.000 0.002 0.000 0.002 
  15 K H   0.995 0.001 0.000 0.000 0.000 0.003 0.000 0.002 
  16 R H   0.993 0.001 0.000 0.000 0.000 0.004 0.000 0.002 
  17 E H   0.979 0.003 0.000 0.000 0.000 0.011 0.002 0.005 
  18 F H   0.947 0.010 0.000 0.000 0.000 0.032 0.004 0.006 
  19 N H   0.843 0.011 0.000 0.000 0.000 0.129 0.007 0.010 
  20 E H   0.650 0.011 0.000 0.001 0.002 0.296 0.021 0.019 
  21 N L   0.027 0.003 0.000 0.004 0.010 0.038 0.188 0.730 
  22 R S   0.005 0.003 0.000 0.002 0.004 0.050 0.750 0.186 
  23 Y S   0.001 0.001 0.000 0.003 0.005 0.025 0.672 0.293 
  24 L L   0.001 0.001 0.000 0.004 0.016 0.001 0.103 0.873 
  25 T L   0.006 0.000 0.000 0.002 0.005 0.001 0.010 0.976 
  26 E H   0.987 0.002 0.000 0.000 0.000 0.005 0.002 0.003 
  27 R H   0.992 0.002 0.000 0.000 0.000 0.005 0.000 0.001 
  28 R H   0.993 0.002 0.000 0.000 0.000 0.003 0.000 0.001 
  29 R H   0.997 0.000 0.000 0.000 0.000 0.002 0.000 0.001 
  30 Q H   0.998 0.000 0.000 0.000 0.000 0.001 0.000 0.001 
  31 Q H   0.997 0.000 0.000 0.000 0.000 0.002 0.000 0.001 
  32 L H   0.997 0.000 0.000 0.000 0.000 0.002 0.000 0.001 
  33 S H   0.996 0.001 0.000 0.000 0.000 0.002 0.000 0.001 
  34 S H   0.993 0.001 0.000 0.000 0.000 0.005 0.000 0.000 
  35 E H   0.976 0.003 0.000 0.000 0.000 0.017 0.001 0.002 
  36 L H   0.711 0.004 0.000 0.000 0.000 0.269 0.012 0.003 
  37 G T   0.008 0.002 0.000 0.000 0.000 0.930 0.015 0.045 
  38 L L   0.001 0.001 0.000 0.001 0.004 0.005 0.028 0.960 
  39 N L   0.004 0.000 0.000 0.000 0.002 0.000 0.006 0.987 
  40 E H   0.956 0.006 0.000 0.000 0.000 0.022 0.005 0.010 
  41 A H   0.976 0.006 0.000 0.000 0.000 0.013 0.002 0.002 
  42 Q H   0.984 0.007 0.000 0.000 0.000 0.006 0.001 0.002 
  43 I H   0.992 0.002 0.000 0.000 0.000 0.003 0.001 0.003 
  44 K H   0.995 0.001 0.000 0.000 0.000 0.002 0.001 0.002 
  45 I H   0.994 0.001 0.000 0.000 0.000 0.002 0.000 0.002 
  46 W H   0.988 0.001 0.000 0.000 0.000 0.006 0.001 0.003 
  47 F H   0.978 0.001 0.000 0.001 0.000 0.012 0.001 0.007 
  48 Q H   0.958 0.003 0.000 0.001 0.000 0.023 0.003 0.012 
  49 N H   0.898 0.004 0.000 0.001 0.000 0.056 0.008 0.032 
  50 K H   0.848 0.007 0.000 0.001 0.001 0.072 0.022 0.049 
  51 R H   0.787 0.010 0.000 0.002 0.002 0.093 0.012 0.092 
  52 A H   0.456 0.013 0.000 0.002 0.001 0.385 0.019 0.125 
  53 K T   0.137 0.011 0.000 0.002 0.004 0.552 0.002 0.291 
  54 I L   0.002 0.001 0.000 0.000 0.000 0.001 0.001 0.995 
