#DeepConCNF_SS8: eight-class secondary structure prediction results 
#probabilities are in the order of H G I E B T S L(loops), the 8 secondary structure types used in DSSP 
   1 M L   0.000 0.000 0.000 0.006 0.000 0.000 0.001 0.992 
   2 E E   0.001 0.001 0.000 0.759 0.023 0.001 0.001 0.215 
   3 A E   0.000 0.001 0.000 0.920 0.011 0.000 0.006 0.061 
   4 I E   0.000 0.001 0.000 0.918 0.008 0.001 0.003 0.069 
   5 A E   0.001 0.002 0.000 0.805 0.024 0.006 0.014 0.149 
   6 K S   0.000 0.001 0.000 0.392 0.004 0.010 0.540 0.054 
   7 H S   0.000 0.001 0.000 0.352 0.040 0.009 0.537 0.061 
   8 D L   0.000 0.001 0.000 0.197 0.025 0.006 0.211 0.560 
   9 F L   0.000 0.002 0.000 0.069 0.029 0.017 0.251 0.631 
  10 S L   0.000 0.002 0.000 0.030 0.061 0.008 0.126 0.774 
  11 A L   0.000 0.001 0.000 0.004 0.019 0.009 0.059 0.908 
  12 T L   0.000 0.001 0.000 0.001 0.008 0.005 0.455 0.530 
  13 A S   0.000 0.002 0.000 0.003 0.018 0.016 0.790 0.170 
  14 D T   0.001 0.030 0.000 0.001 0.003 0.744 0.105 0.115 
  15 D T   0.002 0.041 0.000 0.004 0.005 0.647 0.142 0.158 
  16 E L   0.001 0.032 0.000 0.055 0.067 0.016 0.217 0.612 
  17 L L   0.001 0.005 0.000 0.141 0.084 0.013 0.088 0.667 
  18 S L   0.000 0.000 0.000 0.134 0.075 0.005 0.030 0.755 
  19 F L   0.000 0.000 0.000 0.075 0.089 0.001 0.014 0.820 
  20 R L   0.000 0.001 0.000 0.014 0.006 0.001 0.010 0.969 
  21 K T   0.001 0.005 0.000 0.002 0.002 0.969 0.019 0.003 
  22 T T   0.000 0.002 0.000 0.001 0.000 0.977 0.012 0.008 
  23 Q L   0.000 0.000 0.000 0.030 0.002 0.001 0.032 0.934 
  24 I E   0.000 0.000 0.000 0.874 0.010 0.001 0.004 0.111 
  25 L E   0.000 0.000 0.000 0.990 0.000 0.000 0.001 0.008 
  26 K E   0.000 0.000 0.000 0.994 0.000 0.000 0.000 0.005 
  27 I E   0.000 0.000 0.000 0.992 0.000 0.000 0.001 0.006 
  28 L E   0.001 0.000 0.000 0.974 0.000 0.001 0.002 0.022 
  29 N E   0.001 0.000 0.000 0.940 0.002 0.001 0.005 0.050 
  30 M E   0.001 0.002 0.000 0.757 0.006 0.005 0.030 0.199 
  31 E E   0.008 0.027 0.000 0.463 0.012 0.057 0.224 0.210 
  32 D S   0.010 0.088 0.000 0.137 0.006 0.225 0.366 0.169 
  33 D L   0.012 0.124 0.000 0.050 0.014 0.262 0.195 0.344 
  34 S T   0.006 0.092 0.000 0.011 0.004 0.461 0.278 0.149 
  35 N T   0.001 0.026 0.000 0.049 0.003 0.419 0.248 0.255 
  36 W E   0.000 0.002 0.000 0.518 0.005 0.010 0.122 0.342 
  37 T E   0.000 0.000 0.000 0.937 0.002 0.001 0.019 0.041 
  38 R E   0.000 0.000 0.000 0.983 0.000 0.000 0.001 0.015 
  39 A E   0.000 0.000 0.000 0.995 0.000 0.000 0.000 0.005 
  40 E E   0.000 0.000 0.000 0.993 0.000 0.000 0.000 0.006 
  41 L E   0.000 0.000 0.000 0.971 0.003 0.003 0.005 0.017 
  42 D T   0.000 0.002 0.000 0.003 0.000 0.970 0.022 0.003 
  43 G T   0.000 0.001 0.000 0.002 0.000 0.974 0.020 0.003 
  44 K E   0.000 0.000 0.000 0.895 0.009 0.006 0.014 0.075 
  45 E E   0.000 0.000 0.000 0.977 0.001 0.000 0.002 0.020 
  46 G E   0.000 0.000 0.000 0.994 0.000 0.000 0.000 0.005 
  47 L E   0.000 0.000 0.000 0.996 0.000 0.000 0.001 0.003 
  48 I E   0.000 0.000 0.000 0.972 0.001 0.000 0.004 0.022 
  49 P E   0.001 0.010 0.000 0.815 0.007 0.005 0.016 0.145 
  50 S G   0.003 0.927 0.000 0.011 0.000 0.042 0.006 0.011 
  51 N G   0.002 0.951 0.000 0.003 0.000 0.025 0.007 0.012 
  52 Y G   0.003 0.913 0.000 0.013 0.000 0.022 0.013 0.036 
  53 I E   0.002 0.006 0.000 0.822 0.009 0.006 0.029 0.126 
  54 E E   0.000 0.000 0.000 0.973 0.004 0.000 0.001 0.021 
  55 M E   0.001 0.000 0.000 0.960 0.008 0.002 0.002 0.028 
  56 K L   0.000 0.003 0.000 0.064 0.001 0.002 0.019 0.911 
  57 N L   0.001 0.007 0.000 0.006 0.003 0.012 0.089 0.883 
  58 H L   0.001 0.004 0.000 0.002 0.003 0.011 0.001 0.978 
  59 D L   0.000 0.000 0.000 0.000 0.000 0.000 0.000 0.999 
