2	CD	6	HN	12.126917	12.126917	2.500000	1.0
2	CD	8	HN	14.740188	2.500000	2.500000	1.0
2	CD	9	HN	15.505346	2.500000	2.500000	1.0
2	CD	10	HN	16.657487	2.500000	2.500000	1.0
2	CD	11	HN	14.663327	2.500000	2.500000	1.0
2	CD	12	HN	16.621796	2.500000	2.500000	1.0
2	CD	13	HN	16.177808	2.500000	2.500000	1.0
2	CD	15	HN	15.572041	2.500000	2.500000	1.0
2	CD	16	HN	15.768646	2.500000	2.500000	1.0
2	CD	18	HN	16.891915	2.500000	2.500000	1.0
2	CD	20	HN	14.877754	2.500000	2.500000	1.0
2	CD	22	HN	14.860273	2.500000	2.500000	1.0
2	CD	27	HN	14.402385	2.500000	2.500000	1.0
2	CD	30	HN	15.399749	2.500000	2.500000	1.0
2	CD	31	HN	14.338702	2.500000	2.500000	1.0
2	CD	32	HN	16.261297	2.500000	2.500000	1.0
2	CD	33	HN	13.684820	2.500000	2.500000	1.0
2	CD	34	HN	16.468214	2.500000	2.500000	1.0
2	CD	35	HN	15.791759	2.500000	2.500000	1.0
2	CD	36	HN	14.467949	2.500000	2.500000	1.0
2	CD	37	HN	12.619137	2.500000	2.500000	1.0
2	CD	38	HN	17.921595	2.500000	99.000000	1.0
2	CD	40	HN	14.142070	2.500000	2.500000	1.0
2	CD	42	HN	16.014731	2.500000	2.500000	1.0
2	CD	43	HN	16.169817	2.500000	2.500000	1.0
2	CD	45	HN	17.068104	2.500000	2.500000	1.0
2	CD	46	HN	15.108828	2.500000	2.500000	1.0
2	CD	47	HN	14.450365	2.500000	2.500000	1.0
2	CD	50	HN	14.676862	2.500000	2.500000	1.0
2	CD	51	HN	15.271955	2.500000	2.500000	1.0
2	CD	52	HN	15.721422	2.500000	2.500000	1.0
2	CD	53	HN	14.669257	2.500000	2.500000	1.0
2	CD	55	HN	15.559458	2.500000	2.500000	1.0
2	CD	56	HN	15.894635	2.500000	2.500000	1.0
2	CD	57	HN	19.507040	2.500000	2.500000	1.0
2	CD	58	HN	19.028650	2.500000	2.500000	1.0
2	CD	59	HN	18.313774	2.500000	2.500000	1.0
2	CD	36	HE1	12.113147	2.500000	2.500000	1.0
59	OT1	2	HN	14.820587	2.500000	2.500000	1.0
59	OT1	3	HN	14.456428	2.500000	2.500000	1.0
59	OT1	4	HN	13.327730	2.500000	2.500000	1.0
59	OT1	5	HN	13.898818	2.500000	2.500000	1.0
59	OT1	6	HN	13.587112	2.500000	2.500000	1.0
59	OT1	8	HN	13.290207	2.500000	2.500000	1.0
59	OT1	9	HN	13.958081	2.500000	2.500000	1.0
59	OT1	11	HN	13.903057	2.500000	2.500000	1.0
59	OT1	12	HN	15.169574	2.500000	2.500000	1.0
59	OT1	13	HN	13.518590	2.500000	2.500000	1.0
59	OT1	14	HN	13.814041	2.500000	2.500000	1.0
59	OT1	15	HN	14.604609	2.500000	2.500000	1.0
59	OT1	16	HN	14.348490	2.500000	2.500000	1.0
59	OT1	18	HN	13.622987	2.500000	2.500000	1.0
59	OT1	22	HN	12.898394	2.500000	2.500000	1.0
59	OT1	27	HN	11.244962	11.244962	2.500000	1.0
59	OT1	30	HN	12.365800	2.500000	2.500000	1.0
59	OT1	31	HN	12.311017	2.500000	2.500000	1.0
59	OT1	33	HN	12.234036	2.500000	2.500000	1.0
59	OT1	34	HN	13.719889	2.500000	2.500000	1.0
59	OT1	36	HN	11.812472	2.500000	2.500000	1.0
59	OT1	37	HN	10.955250	10.955250	2.500000	1.0
59	OT1	38	HN	11.168071	11.168071	2.500000	1.0
59	OT1	43	HN	13.515903	2.500000	2.500000	1.0
59	OT1	45	HN	14.677395	2.500000	2.500000	1.0
59	OT1	46	HN	11.999552	11.999552	2.500000	1.0
59	OT1	47	HN	12.098109	12.098109	2.500000	1.0
59	OT1	48	HN	12.241352	2.500000	2.500000	1.0
59	OT1	50	HN	11.978313	11.978313	2.500000	1.0
59	OT1	36	HE1	11.997003	11.997003	2.500000	1.0
