1	1	CG	14.775000	14.775000	0	26.505000	1	0.2
1	2	CB	12.282100	12.282100	0	19.682000	1	0.2
1	3	CB	37.211100	37.211100	0	53.040000	1	0.2
1	5	CB	32.225300	32.225300	0	49.930000	1	0.2
1	6	CB	7.296300	7.296300	0	15.176000	1	0.2
1	6	CD	4.803400	4.803400	0	24.133000	1	0.2
1	6	CE	27.239500	27.239500	0	33.735000	1	0.2
1	6	CG	2.310500	2.310500	0	15.820000	1	0.2
1	7	CB	14.775000	14.775000	0	19.938000	1	0.2
1	8	CB	19.760800	19.760800	0	22.263000	1	0.2
1	9	CZ	4.803400	4.803400	0	29.802000	1	0.2
1	10	CB	22.253700	22.253700	0	29.904000	1	0.2
1	11	CB	34.718200	34.718200	0	49.899000	1	0.2
1	12	CA	0.000000	0.000000	0	5.171000	1	0.2
1	12	CB	9.789200	9.789200	0	11.368000	1	0.2
1	13	CA	4.803400	4.803400	0	8.261000	1	0.2
1	13	CB	34.718200	34.718200	0	49.523000	1	0.2
1	17	CB	14.775000	14.775000	0	15.311000	1	0.2
1	17	CD1	32.225300	32.225300	0	46.976000	1	0.2
1	18	CB	19.760800	19.760800	0	28.458000	1	0.2
1	19	CB	17.267900	17.267900	0	18.636000	1	0.2
1	21	CA	0.000000	0.000000	0	5.189000	1	0.2
1	27	CG1	12.282100	12.282100	0	14.796000	1	0.2
1	29	CB	14.775000	14.775000	0	21.648000	1	0.2
1	30	CB	7.296300	7.296300	0	14.993000	1	0.2
1	34	CB	22.253700	22.253700	0	28.699000	1	0.2
1	38	CA	2.310500	2.310500	0	5.038000	1	0.2
1	38	CB	9.789200	9.789200	0	14.443000	1	0.2
1	38	CD	22.253700	22.253700	0	22.816000	1	0.2
1	39	CB	34.718200	34.718200	0	46.103000	1	0.2
1	41	CD1	29.732400	29.732400	0	45.825000	1	0.2
1	41	CD2	34.718200	34.718200	0	37.811000	1	0.2
1	47	CA	0.000000	0.000000	0	4.602000	1	0.2
1	47	CD2	29.732400	29.732400	0	42.007000	1	0.2
1	50	CB	9.789200	9.789200	0	29.916000	1	0.2
1	51	CB	19.760800	19.760800	0	23.251000	1	0.2
1	53	CG2	0.000000	0.000000	0	32.796000	1	0.2
1	55	CA	4.803400	4.803400	0	5.384000	1	0.2
1	56	CB	9.789200	9.789200	0	16.786000	1	0.2
1	57	CB	17.267900	17.267900	0	22.719000	1	0.2
