3 C 177.1 0.0 5.22102328742408
3 CA 52.43 0.0 3.49506517587892
3 CB 19.26 0.0 2.85959878026459
3 H 8.71 0.0 0.332786161250076
3 HA 4.31 0.0 19.1427686943336
4 C 176.1 0.0 5.22102328742408
4 CA 60.86 0.0 3.49506517587892
4 CB 38.99 0.0 2.85959878026459
4 H 8.34 0.0 0.332786161250076
4 HA 4.12 0.0 19.1427686943336
5 C 176.9 0.0 5.22102328742408
5 CA 52.31 0.0 3.49506517587892
5 CB 19.39 0.0 2.85959878026459
5 H 8.56 0.0 0.332786161250076
5 HA 4.29 0.0 19.1427686943336
6 C 175.9 0.0 5.22102328742408
6 CA 54.85 0.0 3.49506517587892
6 CB 34.88 0.0 2.85959878026459
6 H 8.46 0.0 0.332786161250076
6 HA 4.7 0.0 19.1427686943336
7 C 173.4 0.0 5.22102328742408
7 CA 55.45 0.0 3.49506517587892
7 CB 30.14 0.0 2.85959878026459
7 H 8.68 0.0 0.332786161250076
7 HA 4.6 0.0 19.1427686943336
8 C 175.4 0.0 5.22102328742408
8 CA 53.88 0.0 3.49506517587892
8 CB 41.15 0.0 2.85959878026459
8 H 8.45 0.0 0.332786161250076
8 HA 4.59 0.0 19.1427686943336
9 C 175.4 0.0 5.22102328742408
9 CA 58.07 0.0 3.49506517587892
9 CB 39.37 0.0 2.85959878026459
9 H 8.51 0.0 0.332786161250076
9 HA 4.61 0.0 19.1427686943336
10 C 173.7 0.0 5.22102328742408
10 CA 58.43 0.0 3.49506517587892
10 CB 63.67 0.0 2.85959878026459
10 H 8.4 0.0 0.332786161250076
10 HA 4.38 0.0 19.1427686943336
11 C 177.6 0.0 5.22102328742408
11 CA 52.73 0.0 3.49506517587892
11 CB 19.41 0.0 2.85959878026459
11 H 8.43 0.0 0.332786161250076
11 HA 4.38 0.0 19.1427686943336
12 C 174.2 0.0 5.22102328742408
12 CA 61.69 0.0 3.49506517587892
12 CB 70.02 0.0 2.85959878026459
12 H 8.28 0.0 0.332786161250076
12 HA 4.35 0.0 19.1427686943336
13 C 177.7 0.0 5.22102328742408
13 CA 53.08 0.0 3.49506517587892
13 CB 19.27 0.0 2.85959878026459
13 H 8.47 0.0 0.332786161250076
13 HA 4.3 0.0 19.1427686943336
14 C 176.3 0.0 5.22102328742408
14 CA 55.04 0.0 3.49506517587892
14 CB 40.99 0.0 2.85959878026459
14 H 8.42 0.0 0.332786161250076
14 HA 4.55 0.0 19.1427686943336
15 C 176.7 0.0 5.22102328742408
15 CA 54.94 0.0 3.49506517587892
15 CB 40.98 0.0 2.85959878026459
15 H 8.33 0.0 0.332786161250076
15 HA 4.56 0.0 19.1427686943336
16 C 177.4 0.0 5.22102328742408
16 CA 57.89 0.0 3.49506517587892
16 CB 30.15 0.0 2.85959878026459
16 H 8.43 0.0 0.332786161250076
16 HA 4.17 0.0 19.1427686943336
17 C 178.2 0.0 5.22102328742408
17 CA 56.52 0.0 3.49506517587892
17 CB 41.82 0.0 2.85959878026459
17 H 8.23 0.0 0.332786161250076
17 HA 4.23 0.0 19.1427686943336
18 C 175.1 0.0 5.22102328742408
18 CA 59.99 0.0 3.49506517587892
18 CB 63.22 0.0 2.85959878026459
18 H 8.21 0.0 0.332786161250076
18 HA 4.28 0.0 19.1427686943336
19 C 176.4 0.0 5.22102328742408
19 CA 59.17 0.0 3.49506517587892
19 CB 39.07 0.0 2.85959878026459
19 H 8.19 0.0 0.332786161250076
19 HA 4.51 0.0 19.1427686943336
20 C 176.8 0.0 5.22102328742408
20 CA 57.72 0.0 3.49506517587892
20 CB 29.79 0.0 2.85959878026459
20 H 8.24 0.0 0.332786161250076
20 HA 4.15 0.0 19.1427686943336
21 C 177.2 0.0 5.22102328742408
21 CA 57.57 0.0 3.49506517587892
21 CB 32.86 0.0 2.85959878026459
21 H 8.25 0.0 0.332786161250076
21 HA 4.23 0.0 19.1427686943336
22 CA 63.19 0.0 3.49506517587892
22 CB 69.44 0.0 2.85959878026459
22 H 8.13 0.0 0.332786161250076
22 HA 4.19 0.0 19.1427686943336
23 C 177.2 0.0 5.22102328742408
23 CA 56.27 0.0 3.49506517587892
23 CB 29.18 0.0 2.85959878026459
23 H 8.22 0.0 0.332786161250076
23 HA 4.22 0.0 19.1427686943336
24 C 176.6 0.0 5.22102328742408
24 CA 61.83 0.0 3.49506517587892
24 CB 38.41 0.0 2.85959878026459
24 H 8.18 0.0 0.332786161250076
24 HA 4.03 0.0 19.1427686943336
25 C 176.6 0.0 5.22102328742408
25 CA 55.48 0.0 3.49506517587892
25 CB 42.17 0.0 2.85959878026459
25 H 8.28 0.0 0.332786161250076
25 HA 4.27 0.0 19.1427686943336
26 C 175.9 0.0 5.22102328742408
26 CA 56.74 0.0 3.49506517587892
26 CB 32.99 0.0 2.85959878026459
26 H 8.24 0.0 0.332786161250076
26 HA 4.27 0.0 19.1427686943336
27 C 176.7 0.0 5.22102328742408
27 CA 61.46 0.0 3.49506517587892
27 CB 38.34 0.0 2.85959878026459
27 H 8.19 0.0 0.332786161250076
27 HA 4.08 0.0 19.1427686943336
28 C 174.1 0.0 5.22102328742408
28 CA 55.35 0.0 3.49506517587892
28 CB 42.47 0.0 2.85959878026459
28 H 8.39 0.0 0.332786161250076
28 HA 4.33 0.0 19.1427686943336
29 C 174.9 0.0 5.22102328742408
29 CA 53.23 0.0 3.49506517587892
29 CB 38.68 0.0 2.85959878026459
29 H 8.53 0.0 0.332786161250076
29 HA 4.69 0.0 19.1427686943336
30 C 176.1 0.0 5.22102328742408
30 CA 55.89 0.0 3.49506517587892
30 CB 32.31 0.0 2.85959878026459
30 H 8.49 0.0 0.332786161250076
30 HA 4.44 0.0 19.1427686943336
31 C 175.9 0.0 5.22102328742408
31 CA 56.91 0.0 3.49506517587892
31 CB 30.2 0.0 2.85959878026459
31 H 8.52 0.0 0.332786161250076
31 HA 4.25 0.0 19.1427686943336
32 C 175.7 0.0 5.22102328742408
32 CA 54.44 0.0 3.49506517587892
32 CB 41.24 0.0 2.85959878026459
32 H 8.29 0.0 0.332786161250076
32 HA 4.59 0.0 19.1427686943336
33 C 176.5 0.0 5.22102328742408
33 CA 54.44 0.0 3.49506517587892
33 CB 40.91 0.0 2.85959878026459
33 H 8.34 0.0 0.332786161250076
33 HA 4.51 0.0 19.1427686943336
34 C 174.6 0.0 5.22102328742408
34 CA 59.49 0.0 3.49506517587892
34 CB 63.61 0.0 2.85959878026459
34 H 8.49 0.0 0.332786161250076
34 HA 4.33 0.0 19.1427686943336
35 C 175 0.0 5.22102328742408
35 CA 53.77 0.0 3.49506517587892
35 CB 38.78 0.0 2.85959878026459
35 H 8.5 0.0 0.332786161250076
35 HA 4.69 0.0 19.1427686943336
36 C 175.7 0.0 5.22102328742408
36 CA 57.8 0.0 3.49506517587892
36 CB 29.42 0.0 2.85959878026459
36 H 7.96 0.0 0.332786161250076
36 HA 4.55 0.0 19.1427686943336
37 C 175 0.0 5.22102328742408
37 CA 58.42 0.0 3.49506517587892
37 CB 38.45 0.0 2.85959878026459
37 H 7.9 0.0 0.332786161250076
37 HA 4.31 0.0 19.1427686943336
38 C 175.3 0.0 5.22102328742408
38 CA 55.83 0.0 3.49506517587892
38 CB 30.88 0.0 2.85959878026459
38 H 7.92 0.0 0.332786161250076
38 HA 4.13 0.0 19.1427686943336
39 C 177.8 0.0 5.22102328742408
39 CA 53.18 0.0 3.49506517587892
39 CB 19.13 0.0 2.85959878026459
39 H 8.27 0.0 0.332786161250076
39 HA 4.16 0.0 19.1427686943336
40 C 176.5 0.0 5.22102328742408
40 CA 56.87 0.0 3.49506517587892
40 CB 30.03 0.0 2.85959878026459
40 H 8.54 0.0 0.332786161250076
40 HA 4.21 0.0 19.1427686943336
41 C 177.1 0.0 5.22102328742408
41 CA 55.43 0.0 3.49506517587892
41 CB 42.23 0.0 2.85959878026459
41 H 8.21 0.0 0.332786161250076
41 HA 4.32 0.0 19.1427686943336
42 C 176.6 0.0 5.22102328742408
42 CA 54.66 0.0 3.49506517587892
42 CB 41.17 0.0 2.85959878026459
42 H 8.39 0.0 0.332786161250076
42 HA 4.58 0.0 19.1427686943336
43 C 174.3 0.0 5.22102328742408
43 CA 45.71 0.0 3.49506517587892
43 H 8.46 0.0 0.332786161250076
44 C 176.5 0.0 5.22102328742408
44 CA 56.49 0.0 3.49506517587892
44 CB 32.87 0.0 2.85959878026459
44 H 8.25 0.0 0.332786161250076
44 HA 4.33 0.0 19.1427686943336
45 C 176.6 0.0 5.22102328742408
45 CA 57.22 0.0 3.49506517587892
45 CB 30 0.0 2.85959878026459
45 H 8.66 0.0 0.332786161250076
45 HA 4.25 0.0 19.1427686943336
46 C 173.4 0.0 5.22102328742408
46 CA 45.21 0.0 3.49506517587892
46 H 8.52 0.0 0.332786161250076
47 C 176.8 0.0 5.22102328742408
47 CA 55.04 0.0 3.49506517587892
47 CB 42.4 0.0 2.85959878026459
47 H 8.12 0.0 0.332786161250076
47 HA 4.36 0.0 19.1427686943336
48 CA 58.5 0.0 3.49506517587892
48 CB 38.5 0.0 2.85959878026459
48 H 8.37 0.0 0.332786161250076
49 C 176.7 0.0 5.22102328742408
49 CA 63.3 0.0 3.49506517587892
49 CB 32.35 0.0 2.85959878026459
49 HA 4.4 0.0 19.1427686943336
50 C 174.1 0.0 5.22102328742408
50 CA 58.78 0.0 3.49506517587892
50 CB 63.58 0.0 2.85959878026459
50 H 8.62 0.0 0.332786161250076
50 HA 4.36 0.0 19.1427686943336
51 C 174.3 0.0 5.22102328742408
51 CA 53.09 0.0 3.49506517587892
51 CB 38.61 0.0 2.85959878026459
51 H 8.51 0.0 0.332786161250076
51 HA 4.72 0.0 19.1427686943336
52 C 175 0.0 5.22102328742408
52 CA 58.63 0.0 3.49506517587892
52 CB 38.84 0.0 2.85959878026459
52 H 8.16 0.0 0.332786161250076
52 HA 4.48 0.0 19.1427686943336
53 C 175.7 0.0 5.22102328742408
53 CA 60.87 0.0 3.49506517587892
53 CB 38.96 0.0 2.85959878026459
53 H 7.97 0.0 0.332786161250076
53 HA 4 0.0 19.1427686943336
54 C 176 0.0 5.22102328742408
54 CA 56.55 0.0 3.49506517587892
54 CB 30.19 0.0 2.85959878026459
54 H 8.42 0.0 0.332786161250076
54 HA 4.14 0.0 19.1427686943336
55 C 175.7 0.0 5.22102328742408
55 CA 55.29 0.0 3.49506517587892
55 CB 32.14 0.0 2.85959878026459
55 H 8.5 0.0 0.332786161250076
55 HA 4.46 0.0 19.1427686943336
56 C 175.8 0.0 5.22102328742408
56 CA 56.16 0.0 3.49506517587892
56 CB 33.1 0.0 2.85959878026459
56 H 8.48 0.0 0.332786161250076
56 HA 4.12 0.0 19.1427686943336
57 C 174.1 0.0 5.22102328742408
57 CA 53.22 0.0 3.49506517587892
57 CB 38.78 0.0 2.85959878026459
57 H 8.49 0.0 0.332786161250076
57 HA 4.67 0.0 19.1427686943336
