4 -2.0686 1
5 -0.182499999999997 1
6 -0.365099999999998 1
8 0.182600000000001 1
11 -0.121699999999997 1
12 -0.304200000000002 1
13 0.364999999999995 1
14 0.7301 1
16 1.2168 1
18 2.37269999999999 1
22 0.365099999999998 1
27 -1.9469 1
28 -0.121600000000001 1
30 0.7301 1
31 0.0608000000000004 1
33 -0.364999999999995 1
34 0.547600000000003 1
36 0.912599999999998 1
37 2.5553 1
38 -0.486699999999999 1
42 0.486699999999999 1
43 -0.851699999999994 1
46 -1.0343 1
47 -1.0951 1
48 -1.521 1
50 -1.3385 1
53 -1.2777 1
54 -1.0951 1
