47	HN	4.39341	0.571146	1
48	HN	5.685789	0.916444	1
22	HN	6.039867	0.688958	1
50	HN	6.173732	0.342369	1
46	HN	6.209452	0.65809	1
45	HN	6.505022	0.402597	1
37	HN	6.638072	3.147041	1
53	HN	6.903143	0.619953	1
27	HN	7.148878	1.362628	1
28	HN	7.548769	0.897804	1
38	HN	7.557609	1.188737	1
43	HN	8.405851	0.450818	1
18	HN	9.121293	0.439098	1
36	HN	11.989287	0.673041	1
12	HN	13.451759	0.383216	1
10	HN	14.300957	0.355561	1
34	HN	16.094466	0.682707	1
14	HN	16.798599	0.335939	1
58	HN	20.766088	0.353215	1
8	HN	23.520175	0.469452	1
5	HN	49.767824	0.971813  	0	
36	HE1	55.88322600     2.06278134	1
