#DeepConCNF_SS8: eight-class secondary structure prediction results 
#probabilities are in the order of H G I E B T S L(loops), the 8 secondary structure types used in DSSP 
   1 M L   0.000 0.000 0.000 0.002 0.001 0.000 0.001 0.996 
   2 A L   0.001 0.001 0.000 0.067 0.007 0.005 0.002 0.917 
   3 K L   0.001 0.003 0.000 0.414 0.034 0.005 0.040 0.502 
   4 W E   0.001 0.003 0.000 0.663 0.026 0.002 0.024 0.281 
   5 V E   0.000 0.001 0.000 0.707 0.113 0.001 0.022 0.156 
   6 C L   0.000 0.000 0.000 0.230 0.018 0.003 0.017 0.731 
   7 K T   0.003 0.014 0.000 0.011 0.005 0.717 0.209 0.041 
   8 I T   0.002 0.009 0.000 0.004 0.002 0.827 0.145 0.011 
   9 C T   0.007 0.016 0.000 0.023 0.020 0.812 0.059 0.063 
  10 G L   0.001 0.001 0.000 0.056 0.010 0.037 0.038 0.856 
  11 Y L   0.001 0.000 0.000 0.328 0.027 0.001 0.017 0.626 
  12 I E   0.002 0.001 0.000 0.742 0.204 0.007 0.016 0.028 
  13 Y E   0.000 0.000 0.000 0.653 0.031 0.001 0.019 0.295 
  14 D L   0.001 0.001 0.000 0.272 0.024 0.003 0.015 0.685 
  15 E T   0.006 0.146 0.000 0.005 0.003 0.764 0.043 0.033 
  16 D T   0.005 0.144 0.000 0.001 0.002 0.808 0.031 0.008 
  17 A T   0.008 0.132 0.001 0.001 0.002 0.805 0.039 0.013 
  18 G T   0.004 0.032 0.000 0.003 0.014 0.642 0.077 0.228 
  19 D L   0.002 0.007 0.000 0.024 0.133 0.010 0.095 0.729 
  20 P T   0.015 0.180 0.000 0.003 0.009 0.743 0.023 0.027 
  21 D T   0.006 0.154 0.000 0.000 0.001 0.810 0.015 0.014 
  22 N T   0.006 0.153 0.000 0.000 0.001 0.693 0.092 0.053 
  23 G T   0.002 0.020 0.000 0.006 0.009 0.552 0.075 0.335 
  24 I L   0.001 0.002 0.000 0.050 0.314 0.006 0.035 0.592 
  25 S L   0.000 0.001 0.000 0.013 0.013 0.001 0.015 0.956 
  26 P T   0.003 0.007 0.000 0.001 0.002 0.922 0.031 0.034 
  27 G T   0.001 0.002 0.000 0.001 0.002 0.913 0.040 0.041 
  28 T L   0.000 0.002 0.000 0.024 0.054 0.004 0.213 0.702 
  29 K L   0.001 0.007 0.000 0.040 0.207 0.004 0.031 0.709 
  30 F G   0.008 0.901 0.000 0.003 0.004 0.055 0.011 0.018 
  31 E G   0.006 0.898 0.000 0.001 0.001 0.064 0.018 0.012 
  32 E G   0.006 0.877 0.000 0.000 0.001 0.035 0.048 0.033 
  33 L L   0.000 0.005 0.000 0.003 0.015 0.002 0.318 0.656 
  34 P L   0.000 0.000 0.000 0.002 0.011 0.001 0.006 0.979 
  35 D T   0.003 0.003 0.000 0.002 0.006 0.936 0.043 0.006 
  36 D T   0.002 0.004 0.000 0.006 0.003 0.939 0.034 0.012 
  37 W L   0.001 0.003 0.000 0.079 0.085 0.008 0.162 0.661 
  38 V L   0.002 0.001 0.000 0.179 0.317 0.001 0.017 0.483 
  39 C L   0.000 0.003 0.000 0.089 0.039 0.012 0.031 0.826 
  40 P T   0.010 0.103 0.000 0.018 0.013 0.524 0.135 0.197 
  41 I T   0.006 0.100 0.000 0.012 0.024 0.541 0.217 0.100 
  42 C T   0.006 0.098 0.000 0.003 0.003 0.774 0.089 0.027 
  43 G T   0.002 0.027 0.000 0.002 0.008 0.705 0.068 0.189 
  44 A L   0.000 0.001 0.000 0.007 0.028 0.006 0.321 0.638 
  45 P L   0.000 0.003 0.000 0.019 0.060 0.003 0.016 0.899 
  46 K G   0.016 0.906 0.000 0.004 0.001 0.031 0.015 0.026 
  47 S G   0.013 0.910 0.000 0.004 0.000 0.035 0.013 0.025 
  48 E G   0.012 0.897 0.000 0.008 0.001 0.026 0.009 0.048 
  49 F L   0.002 0.005 0.000 0.367 0.008 0.003 0.065 0.549 
  50 E E   0.001 0.000 0.000 0.951 0.011 0.000 0.003 0.034 
  51 K E   0.001 0.000 0.000 0.962 0.015 0.001 0.002 0.019 
  52 L L   0.000 0.001 0.000 0.020 0.000 0.002 0.011 0.965 
  53 E L   0.001 0.003 0.000 0.003 0.005 0.004 0.001 0.984 
  54 D L   0.000 0.001 0.000 0.000 0.000 0.000 0.001 0.998 
