#DeepConCNF_SS8: eight-class secondary structure prediction results 
#probabilities are in the order of H G I E B T S L(loops), the 8 secondary structure types used in DSSP 
   1 M L   0.000 0.000 0.000 0.000 0.000 0.000 0.000 0.999 
   2 D L   0.001 0.001 0.000 0.001 0.001 0.002 0.000 0.995 
   3 Y L   0.001 0.001 0.000 0.001 0.001 0.005 0.007 0.984 
   4 K L   0.001 0.002 0.000 0.001 0.001 0.002 0.006 0.987 
   5 D L   0.002 0.002 0.000 0.001 0.001 0.004 0.008 0.983 
   6 D L   0.002 0.002 0.000 0.002 0.001 0.008 0.012 0.972 
   7 D L   0.002 0.003 0.000 0.002 0.001 0.008 0.014 0.972 
   8 D L   0.002 0.004 0.000 0.002 0.001 0.005 0.016 0.969 
   9 K L   0.005 0.008 0.000 0.002 0.001 0.015 0.021 0.948 
  10 N L   0.008 0.010 0.000 0.002 0.001 0.019 0.022 0.937 
  11 R L   0.012 0.010 0.000 0.009 0.003 0.011 0.015 0.940 
  12 A L   0.016 0.008 0.000 0.024 0.011 0.012 0.026 0.902 
  13 L L   0.017 0.010 0.000 0.016 0.010 0.016 0.054 0.876 
  14 S L   0.012 0.009 0.000 0.003 0.001 0.021 0.040 0.913 
  15 P L   0.058 0.032 0.000 0.002 0.002 0.183 0.057 0.668 
  16 M L   0.076 0.040 0.000 0.006 0.006 0.170 0.059 0.644 
  17 V L   0.102 0.110 0.000 0.007 0.011 0.028 0.039 0.702 
  18 S L   0.097 0.155 0.000 0.002 0.002 0.089 0.021 0.633 
  19 E L   0.067 0.169 0.000 0.003 0.004 0.220 0.110 0.427 
  20 F L   0.039 0.096 0.000 0.005 0.012 0.111 0.167 0.570 
  21 E L   0.018 0.013 0.000 0.003 0.006 0.022 0.322 0.616 
  22 T S   0.033 0.002 0.000 0.003 0.012 0.007 0.632 0.310 
  23 I H   0.968 0.004 0.000 0.000 0.000 0.010 0.007 0.011 
  24 E H   0.982 0.003 0.000 0.000 0.000 0.008 0.003 0.003 
  25 Q H   0.987 0.003 0.000 0.000 0.000 0.005 0.001 0.003 
  26 E H   0.992 0.001 0.000 0.000 0.000 0.003 0.001 0.004 
  27 N H   0.990 0.001 0.000 0.000 0.000 0.004 0.001 0.004 
  28 S H   0.991 0.001 0.000 0.000 0.000 0.006 0.001 0.002 
  29 Y H   0.990 0.000 0.000 0.000 0.000 0.007 0.001 0.002 
  30 N H   0.992 0.000 0.000 0.000 0.000 0.003 0.001 0.004 
  31 E H   0.996 0.000 0.000 0.000 0.000 0.002 0.000 0.001 
  32 W H   0.996 0.000 0.000 0.000 0.000 0.002 0.000 0.001 
  33 L H   0.997 0.000 0.000 0.000 0.000 0.002 0.000 0.001 
  34 R H   0.997 0.000 0.000 0.000 0.000 0.001 0.000 0.001 
  35 A H   0.996 0.001 0.000 0.000 0.000 0.002 0.000 0.001 
  36 K H   0.990 0.002 0.000 0.000 0.000 0.006 0.000 0.002 
  37 V H   0.988 0.003 0.000 0.000 0.000 0.006 0.000 0.002 
  38 A H   0.982 0.006 0.000 0.000 0.000 0.008 0.001 0.003 
  39 T H   0.966 0.011 0.000 0.000 0.000 0.017 0.002 0.003 
  40 S H   0.952 0.015 0.000 0.001 0.000 0.023 0.002 0.006 
  41 L H   0.811 0.011 0.000 0.000 0.000 0.157 0.013 0.007 
  42 A T   0.421 0.009 0.000 0.001 0.001 0.459 0.077 0.032 
  43 D L   0.009 0.002 0.000 0.004 0.006 0.011 0.482 0.485 
  44 P L   0.005 0.006 0.000 0.006 0.015 0.016 0.226 0.724 
  45 R L   0.002 0.011 0.000 0.005 0.018 0.030 0.294 0.640 
  46 P L   0.003 0.013 0.000 0.004 0.006 0.107 0.124 0.742 
  47 A L   0.004 0.010 0.000 0.004 0.006 0.116 0.176 0.685 
  48 I L   0.008 0.005 0.000 0.016 0.030 0.011 0.365 0.565 
  49 P L   0.024 0.001 0.000 0.012 0.011 0.003 0.018 0.931 
  50 H H   0.964 0.004 0.000 0.000 0.000 0.012 0.006 0.013 
  51 D H   0.981 0.003 0.000 0.000 0.000 0.008 0.003 0.004 
  52 E H   0.989 0.004 0.000 0.000 0.000 0.003 0.001 0.003 
  53 V H   0.995 0.001 0.000 0.000 0.000 0.001 0.000 0.003 
  54 E H   0.995 0.000 0.000 0.000 0.000 0.001 0.001 0.002 
  55 R H   0.997 0.000 0.000 0.000 0.000 0.002 0.000 0.001 
  56 R H   0.995 0.000 0.000 0.000 0.000 0.003 0.000 0.002 
  57 M H   0.995 0.000 0.000 0.000 0.000 0.002 0.000 0.002 
  58 A H   0.995 0.000 0.000 0.000 0.000 0.002 0.000 0.002 
  59 E H   0.993 0.001 0.000 0.000 0.000 0.003 0.001 0.003 
  60 R H   0.990 0.001 0.000 0.000 0.000 0.003 0.001 0.004 
  61 F H   0.987 0.001 0.000 0.000 0.000 0.003 0.001 0.007 
  62 A H   0.984 0.001 0.000 0.000 0.000 0.005 0.001 0.008 
  63 K H   0.971 0.002 0.000 0.000 0.000 0.010 0.001 0.015 
  64 M H   0.951 0.003 0.000 0.000 0.000 0.014 0.003 0.029 
  65 R H   0.930 0.003 0.000 0.001 0.000 0.014 0.003 0.049 
  66 K H   0.932 0.004 0.000 0.001 0.000 0.011 0.004 0.047 
  67 E H   0.924 0.006 0.000 0.001 0.000 0.015 0.007 0.046 
  68 R H   0.913 0.009 0.000 0.001 0.000 0.022 0.007 0.047 
  69 S H   0.856 0.010 0.000 0.001 0.001 0.044 0.008 0.080 
  70 K H   0.499 0.011 0.000 0.001 0.001 0.215 0.030 0.243 
  71 Q L   0.153 0.010 0.000 0.003 0.002 0.292 0.037 0.504 
  72 M L   0.023 0.006 0.000 0.002 0.002 0.017 0.055 0.895 
  73 D L   0.011 0.006 0.000 0.002 0.002 0.015 0.027 0.936 
  74 Y L   0.006 0.005 0.000 0.003 0.003 0.027 0.019 0.938 
  75 K L   0.008 0.011 0.000 0.003 0.004 0.044 0.048 0.881 
  76 D L   0.008 0.021 0.000 0.001 0.001 0.061 0.087 0.821 
  77 D L   0.019 0.044 0.000 0.001 0.001 0.128 0.091 0.717 
  78 D L   0.022 0.041 0.000 0.001 0.001 0.116 0.062 0.758 
  79 D L   0.024 0.030 0.000 0.002 0.002 0.047 0.076 0.818 
  80 K L   0.031 0.022 0.000 0.007 0.008 0.028 0.100 0.804 
  81 N L   0.028 0.022 0.000 0.004 0.002 0.017 0.025 0.902 
  82 R L   0.042 0.037 0.000 0.008 0.006 0.028 0.032 0.847 
  83 A L   0.039 0.035 0.000 0.012 0.008 0.044 0.043 0.819 
  84 L L   0.047 0.035 0.000 0.010 0.013 0.042 0.050 0.803 
  85 S L   0.047 0.012 0.000 0.002 0.002 0.008 0.022 0.906 
  86 P H   0.613 0.030 0.000 0.001 0.000 0.166 0.025 0.164 
  87 M H   0.659 0.027 0.000 0.006 0.002 0.156 0.032 0.119 
  88 V H   0.704 0.041 0.000 0.012 0.008 0.052 0.040 0.143 
  89 S H   0.671 0.031 0.000 0.006 0.002 0.107 0.014 0.169 
  90 E H   0.518 0.032 0.000 0.008 0.003 0.252 0.045 0.141 
  91 F H   0.481 0.019 0.000 0.023 0.011 0.099 0.099 0.268 
  92 E H   0.450 0.008 0.000 0.028 0.015 0.044 0.108 0.348 
  93 T H   0.458 0.006 0.000 0.021 0.018 0.033 0.087 0.377 
  94 I H   0.932 0.010 0.000 0.002 0.000 0.015 0.010 0.031 
  95 E H   0.944 0.010 0.000 0.001 0.000 0.019 0.009 0.016 
  96 Q H   0.945 0.011 0.000 0.001 0.000 0.017 0.005 0.020 
  97 E H   0.950 0.006 0.000 0.001 0.000 0.012 0.004 0.027 
  98 N H   0.944 0.006 0.000 0.001 0.000 0.018 0.007 0.025 
  99 S H   0.950 0.005 0.000 0.000 0.000 0.019 0.004 0.021 
 100 Y H   0.960 0.004 0.000 0.000 0.000 0.017 0.004 0.014 
 101 N H   0.972 0.003 0.000 0.000 0.000 0.008 0.003 0.014 
 102 E H   0.989 0.002 0.000 0.000 0.000 0.003 0.001 0.005 
 103 W H   0.992 0.001 0.000 0.000 0.000 0.003 0.000 0.002 
 104 L H   0.994 0.001 0.000 0.000 0.000 0.003 0.000 0.002 
 105 R H   0.996 0.001 0.000 0.000 0.000 0.002 0.000 0.001 
 106 A H   0.994 0.001 0.000 0.000 0.000 0.003 0.000 0.001 
 107 K H   0.988 0.002 0.000 0.000 0.000 0.007 0.000 0.003 
 108 V H   0.988 0.003 0.000 0.000 0.000 0.006 0.000 0.003 
 109 A H   0.980 0.006 0.000 0.000 0.000 0.009 0.001 0.004 
 110 T H   0.966 0.010 0.000 0.000 0.000 0.017 0.002 0.004 
 111 S H   0.954 0.015 0.000 0.001 0.000 0.021 0.002 0.006 
 112 L H   0.824 0.011 0.000 0.000 0.000 0.146 0.011 0.007 
 113 A H   0.463 0.008 0.000 0.001 0.001 0.436 0.061 0.031 
 114 D L   0.008 0.002 0.000 0.004 0.006 0.010 0.474 0.497 
 115 P L   0.004 0.006 0.000 0.006 0.015 0.015 0.207 0.746 
 116 R L   0.002 0.011 0.000 0.005 0.019 0.028 0.295 0.639 
 117 P L   0.003 0.012 0.000 0.004 0.007 0.087 0.129 0.759 
 118 A L   0.003 0.008 0.000 0.004 0.006 0.092 0.172 0.714 
 119 I L   0.007 0.004 0.000 0.016 0.031 0.010 0.368 0.564 
 120 P L   0.021 0.001 0.000 0.012 0.011 0.003 0.018 0.934 
 121 H H   0.960 0.005 0.000 0.000 0.000 0.012 0.007 0.016 
 122 D H   0.979 0.004 0.000 0.000 0.000 0.009 0.003 0.005 
 123 E H   0.989 0.004 0.000 0.000 0.000 0.003 0.001 0.003 
 124 V H   0.995 0.001 0.000 0.000 0.000 0.001 0.000 0.003 
 125 E H   0.995 0.001 0.000 0.000 0.000 0.001 0.001 0.002 
 126 R H   0.997 0.000 0.000 0.000 0.000 0.001 0.000 0.001 
 127 R H   0.994 0.000 0.000 0.000 0.000 0.003 0.000 0.002 
 128 M H   0.994 0.000 0.000 0.000 0.000 0.002 0.000 0.003 
 129 A H   0.995 0.000 0.000 0.000 0.000 0.002 0.000 0.002 
 130 E H   0.993 0.001 0.000 0.000 0.000 0.003 0.001 0.002 
 131 R H   0.986 0.001 0.000 0.000 0.000 0.006 0.002 0.005 
 132 F H   0.973 0.001 0.000 0.001 0.000 0.009 0.002 0.014 
 133 A H   0.958 0.002 0.000 0.001 0.000 0.013 0.003 0.023 
 134 K H   0.933 0.002 0.000 0.001 0.000 0.023 0.004 0.036 
 135 M H   0.915 0.004 0.000 0.001 0.000 0.022 0.005 0.052 
 136 R H   0.899 0.005 0.000 0.001 0.000 0.019 0.006 0.069 
 137 K H   0.891 0.005 0.000 0.001 0.000 0.019 0.007 0.078 
 138 E H   0.896 0.007 0.000 0.001 0.000 0.016 0.007 0.074 
 139 R H   0.879 0.006 0.000 0.002 0.000 0.026 0.005 0.082 
 140 S H   0.721 0.005 0.000 0.004 0.002 0.045 0.013 0.210 
 141 K L   0.112 0.002 0.000 0.002 0.002 0.029 0.001 0.853 
 142 Q L   0.001 0.000 0.000 0.000 0.000 0.000 0.000 0.999 
