#DeepConCNF_SS8: eight-class secondary structure prediction results 
#probabilities are in the order of H G I E B T S L(loops), the 8 secondary structure types used in DSSP 
   1 M L   0.000 0.000 0.000 0.000 0.000 0.000 0.000 0.999 
   2 E L   0.002 0.004 0.000 0.002 0.002 0.005 0.000 0.985 
   3 K L   0.004 0.014 0.000 0.002 0.003 0.019 0.020 0.938 
   4 K L   0.006 0.026 0.000 0.004 0.003 0.022 0.015 0.924 
   5 E L   0.004 0.025 0.000 0.003 0.003 0.024 0.024 0.917 
   6 Q L   0.002 0.020 0.000 0.005 0.005 0.024 0.035 0.909 
   7 V L   0.001 0.008 0.000 0.008 0.011 0.024 0.061 0.887 
   8 S L   0.002 0.005 0.000 0.013 0.022 0.026 0.108 0.825 
   9 G L   0.002 0.004 0.000 0.015 0.019 0.010 0.252 0.698 
  10 P L   0.013 0.036 0.000 0.017 0.025 0.048 0.106 0.756 
  11 P T   0.018 0.112 0.000 0.010 0.004 0.418 0.205 0.233 
  12 L L   0.019 0.119 0.000 0.055 0.028 0.315 0.097 0.366 
  13 S T   0.020 0.106 0.000 0.061 0.036 0.374 0.273 0.129 
  14 N T   0.003 0.018 0.000 0.068 0.005 0.502 0.251 0.153 
  15 M L   0.001 0.003 0.000 0.349 0.009 0.011 0.059 0.568 
  16 K E   0.001 0.000 0.000 0.972 0.005 0.001 0.004 0.018 
  17 F E   0.000 0.000 0.000 0.994 0.000 0.000 0.000 0.005 
  18 Y E   0.001 0.000 0.000 0.992 0.001 0.000 0.001 0.005 
  19 L E   0.001 0.000 0.000 0.942 0.004 0.001 0.006 0.046 
  20 N L   0.001 0.002 0.000 0.439 0.006 0.003 0.041 0.510 
  21 R L   0.004 0.013 0.000 0.121 0.010 0.024 0.165 0.663 
  22 D L   0.005 0.022 0.000 0.020 0.010 0.031 0.084 0.829 
  23 A L   0.019 0.054 0.000 0.006 0.018 0.088 0.155 0.660 
  24 D L   0.015 0.056 0.000 0.002 0.007 0.147 0.127 0.645 
  25 A L   0.017 0.073 0.000 0.002 0.004 0.295 0.177 0.431 
  26 H T   0.022 0.069 0.000 0.003 0.007 0.368 0.197 0.335 
  27 D L   0.029 0.066 0.000 0.004 0.012 0.143 0.371 0.374 
  28 S L   0.062 0.054 0.000 0.003 0.007 0.059 0.110 0.705 
  29 L H   0.380 0.057 0.000 0.007 0.014 0.065 0.105 0.372 
  30 N L   0.402 0.042 0.000 0.005 0.004 0.042 0.025 0.480 
  31 D H   0.532 0.034 0.000 0.002 0.005 0.024 0.024 0.378 
  32 I H   0.964 0.006 0.000 0.001 0.000 0.016 0.004 0.009 
  33 D H   0.982 0.003 0.000 0.000 0.000 0.011 0.001 0.002 
  34 Q H   0.988 0.002 0.000 0.000 0.000 0.006 0.001 0.004 
  35 L H   0.993 0.000 0.000 0.000 0.000 0.002 0.000 0.004 
  36 A H   0.997 0.000 0.000 0.000 0.000 0.001 0.000 0.001 
  37 R H   0.998 0.000 0.000 0.000 0.000 0.001 0.000 0.001 
  38 L H   0.999 0.000 0.000 0.000 0.000 0.001 0.000 0.000 
  39 I H   0.998 0.000 0.000 0.000 0.000 0.002 0.000 0.000 
  40 R H   0.996 0.001 0.000 0.000 0.000 0.002 0.000 0.000 
  41 A H   0.909 0.003 0.000 0.000 0.000 0.085 0.001 0.001 
  42 N T   0.048 0.002 0.000 0.000 0.000 0.939 0.006 0.004 
  43 G T   0.002 0.002 0.000 0.000 0.000 0.960 0.011 0.025 
  44 G L   0.000 0.000 0.000 0.014 0.000 0.002 0.010 0.973 
  45 E E   0.000 0.000 0.000 0.957 0.011 0.000 0.002 0.030 
  46 V E   0.000 0.000 0.000 0.970 0.011 0.000 0.001 0.017 
  47 L L   0.000 0.001 0.000 0.341 0.008 0.001 0.015 0.633 
  48 D S   0.000 0.001 0.000 0.022 0.003 0.003 0.874 0.097 
  49 S S   0.000 0.001 0.000 0.002 0.002 0.011 0.772 0.212 
  50 K L   0.000 0.000 0.000 0.002 0.003 0.003 0.124 0.866 
  51 P L   0.000 0.003 0.000 0.003 0.012 0.005 0.021 0.954 
  52 R G   0.011 0.530 0.000 0.001 0.003 0.248 0.047 0.160 
  53 E G   0.006 0.541 0.000 0.001 0.001 0.323 0.054 0.074 
  54 S G   0.006 0.541 0.000 0.008 0.005 0.211 0.062 0.168 
  55 K L   0.003 0.029 0.000 0.123 0.035 0.017 0.070 0.723 
  56 E L   0.001 0.003 0.000 0.308 0.012 0.008 0.078 0.590 
  57 N E   0.001 0.001 0.000 0.769 0.008 0.004 0.090 0.128 
  58 V E   0.000 0.000 0.000 0.979 0.001 0.000 0.002 0.017 
  59 F E   0.000 0.000 0.000 0.993 0.000 0.000 0.000 0.006 
  60 I E   0.000 0.000 0.000 0.977 0.001 0.000 0.001 0.020 
  61 V E   0.000 0.000 0.000 0.818 0.006 0.001 0.025 0.149 
  62 S L   0.000 0.003 0.000 0.180 0.005 0.012 0.217 0.581 
  63 P S   0.002 0.019 0.000 0.022 0.007 0.081 0.484 0.385 
  64 Y S   0.003 0.032 0.000 0.008 0.014 0.074 0.442 0.427 
  65 N L   0.002 0.041 0.000 0.002 0.010 0.050 0.190 0.705 
  66 H L   0.005 0.069 0.000 0.004 0.019 0.200 0.174 0.529 
  67 T L   0.001 0.061 0.000 0.001 0.005 0.261 0.262 0.408 
  68 N S   0.001 0.043 0.000 0.010 0.015 0.132 0.468 0.331 
  69 L L   0.001 0.003 0.000 0.050 0.025 0.005 0.181 0.735 
  70 P L   0.000 0.001 0.000 0.211 0.012 0.004 0.022 0.750 
  71 T E   0.002 0.001 0.000 0.782 0.130 0.004 0.020 0.061 
  72 V E   0.001 0.000 0.000 0.705 0.040 0.000 0.012 0.241 
  73 T L   0.002 0.001 0.000 0.093 0.003 0.002 0.008 0.891 
  74 P H   0.831 0.009 0.000 0.001 0.000 0.141 0.011 0.006 
  75 T H   0.901 0.007 0.000 0.001 0.000 0.079 0.005 0.006 
  76 Y H   0.980 0.008 0.000 0.001 0.000 0.008 0.001 0.001 
  77 I H   0.993 0.002 0.000 0.000 0.000 0.003 0.000 0.002 
  78 K H   0.994 0.002 0.000 0.000 0.000 0.004 0.000 0.000 
  79 A H   0.998 0.001 0.000 0.000 0.000 0.001 0.000 0.000 
  80 C H   0.994 0.002 0.000 0.000 0.000 0.002 0.000 0.001 
  81 C H   0.989 0.004 0.000 0.000 0.000 0.006 0.000 0.000 
  82 Q H   0.978 0.006 0.000 0.001 0.000 0.011 0.001 0.001 
  83 S H   0.716 0.006 0.000 0.001 0.001 0.268 0.004 0.003 
  84 N T   0.018 0.004 0.000 0.001 0.000 0.949 0.018 0.010 
  85 S S   0.000 0.004 0.000 0.066 0.012 0.008 0.606 0.302 
  86 L B   0.002 0.002 0.000 0.180 0.366 0.008 0.215 0.226 
  87 L L   0.000 0.000 0.000 0.105 0.033 0.003 0.088 0.770 
  88 N L   0.001 0.005 0.000 0.050 0.036 0.005 0.034 0.868 
  89 M G   0.030 0.482 0.000 0.011 0.008 0.188 0.080 0.202 
  90 E G   0.033 0.546 0.000 0.008 0.005 0.299 0.048 0.060 
  91 N G   0.030 0.532 0.000 0.003 0.002 0.266 0.055 0.113 
  92 Y L   0.015 0.142 0.000 0.022 0.017 0.087 0.150 0.568 
  93 L L   0.010 0.018 0.000 0.082 0.234 0.016 0.138 0.502 
  94 V L   0.001 0.005 0.000 0.038 0.014 0.011 0.088 0.843 
  95 P L   0.003 0.033 0.000 0.006 0.007 0.015 0.043 0.893 
  96 Y L   0.011 0.107 0.000 0.001 0.003 0.055 0.028 0.795 
  97 D L   0.012 0.155 0.000 0.001 0.002 0.188 0.081 0.561 
  98 N L   0.012 0.135 0.000 0.005 0.006 0.201 0.113 0.529 
  99 L L   0.007 0.049 0.000 0.008 0.015 0.079 0.001 0.842 
 100 E L   0.000 0.001 0.000 0.000 0.000 0.000 0.001 0.998 
